2.542493776614335524e-02
2.598843056556131639e-02
2.274299735372369013e-02
1.506451635912323291e-02
1.357197372269021429e-02
9.465252466172599174e-03
9.513399002831730150e-03
8.652110958151743025e-03
8.236624178834068763e-03
6.403489375664243692e-03
6.351776428882216149e-03
5.872094267352368120e-03
5.642060814425415953e-03
5.205175574370350146e-03
5.271154161643972630e-03
4.937694815152963643e-03
4.878849048125138629e-03
4.586403418047461412e-03
4.541823291511230473e-03
4.158434203299642661e-03
3.996162542707760827e-03
4.104938051456165533e-03
3.960498441478776076e-03
3.810709216317039599e-03
3.719765758183128136e-03
3.475466664764581461e-03
3.552144482406898850e-03
3.471900254641682726e-03
3.364907950954728038e-03
3.427320128105451787e-03
3.436236153412697975e-03
3.175888214441108075e-03
2.970819632374444453e-03
2.787149511045171942e-03
2.787149511045171942e-03
2.721170923771549892e-03
2.583864134039957905e-03
2.765751050307781265e-03
2.599912979593001130e-03
2.523235161950683741e-03
2.439424524062569315e-03
2.576731313794160868e-03
2.541067212565176116e-03
2.455473369615612106e-03
2.346697860867208267e-03
2.389494782341990056e-03
2.360963501358802341e-03
2.287852093839383254e-03
2.282502478655035368e-03
2.241488762241702730e-03
2.266453633101992143e-03
2.116664407940255666e-03
2.275369658409238331e-03
2.357397091235903606e-03
2.016804924499097582e-03
2.377012346911845566e-03
2.129146843370400156e-03
2.056035435850981068e-03
2.007888899191851394e-03
1.991840053638808169e-03
2.052469025728082767e-03
1.988273643515909867e-03
2.091699537079966253e-03
2.025720949806343769e-03
1.913379030935041412e-03
2.015021719437648431e-03
2.013238514376199280e-03
1.990056848577359018e-03
1.954392747348374267e-03
2.006105694130402243e-03
1.936560696733881674e-03
1.906246210689244375e-03
1.884847749951853481e-03
1.891980570197650518e-03
1.833134803169825288e-03
1.909812620812142894e-03
1.788554676633594132e-03
1.765373010834753870e-03
1.802820317125188206e-03
1.786771471572144981e-03
1.710093653929827375e-03
1.674429552700842407e-03
1.715443269114175044e-03
1.724359294421421232e-03
1.711876858991276526e-03
1.767156215896203237e-03
1.731492114667218269e-03
1.606667760365770989e-03
1.635199041348958920e-03
1.603101350242872470e-03
1.574570069259684539e-03
1.562087633829539832e-03
1.633415836287509769e-03
1.556738018645192163e-03
1.553171608522293645e-03
1.528206737662004232e-03
1.533556352846351901e-03
1.540689173092148938e-03
1.560304428768090682e-03
1.524640327539105713e-03
1.560304428768090682e-03
1.537122762969250420e-03
1.396249563114759914e-03
1.524640327539105713e-03
1.537122762969250420e-03
1.522857122477656346e-03
1.412298408667803139e-03
1.396249563114759914e-03
1.526423532600554864e-03
1.488976226310120745e-03
1.471144175695628369e-03
1.401599178299107584e-03
1.465794560511280483e-03
1.442612894712440438e-03
1.374851102377369020e-03
1.271425208813312634e-03
1.492542636433019263e-03
1.353452641639978126e-03
1.337403796086934901e-03
1.312438925226645271e-03
1.337403796086934901e-03
1.431913664343744882e-03
1.274991618936211152e-03
1.266075593628964964e-03
1.291040464489254377e-03
1.269642003751863483e-03
1.294606874612152896e-03
1.278558029059109671e-03
1.237544312645777033e-03
1.305306104980848451e-03
1.258942773383167927e-03
1.194747391170995028e-03
1.233977902522878515e-03
1.242893927830124702e-03
1.225061877215632327e-03
1.096671112791286528e-03
1.264292388567515813e-03
1.219712262031284657e-03
1.198313801293893546e-03
1.066356626746649446e-03
1.223278672154182959e-03
1.184048160802299689e-03
1.126985598835923827e-03
1.137684829204619165e-03
1.068139831808098596e-03
1.175132135495053284e-03
9.183506066463619031e-04
1.164432905126357946e-03
1.123419188713025308e-03
1.125202393774474459e-03
1.116286368467228271e-03
1.078839062176794152e-03
1.089538292545489491e-03
1.171565725372154983e-03
1.123419188713025308e-03
1.082405472299692670e-03
1.114503163405778903e-03
1.068139831808098596e-03
9.736299635512885063e-04
1.094887907729837377e-03
9.361826572608543872e-04
1.080622267238243303e-03
1.075272652053895633e-03
1.027126115394765959e-03
1.057440601439403041e-03
1.066356626746649446e-03
1.007510859718824215e-03
1.018210090087519771e-03
1.030692525517664477e-03
1.082405472299692670e-03
1.085971882422590972e-03
1.014643679964621252e-03
9.968116293501286598e-04
1.018210090087519771e-03
9.308330420765066095e-04
9.664971433054915777e-04
9.611475281211438000e-04
9.450986825681005751e-04
9.629307331825930592e-04
9.985948344115780275e-04
1.014643679964621252e-03
1.039608550824910665e-03
1.068139831808098596e-03
9.611475281211438000e-04
1.018210090087519771e-03
9.522315028138976121e-04
8.844697104788261941e-04
9.682803483669408370e-04
9.504482977524483529e-04
9.254834268921589401e-04
8.809033003559277840e-04
9.094345813391157152e-04
9.736299635512885063e-04
8.684208649257829692e-04
9.825459888585348026e-04
9.700635534283900963e-04
9.147841965234633846e-04
9.540147078753468714e-04
9.468818876295498344e-04
8.398895839425950379e-04
9.237002218307096809e-04
9.647139382440423185e-04
9.433154775066513158e-04
9.272666319536080910e-04
9.308330420765066095e-04
9.397490673837529057e-04
8.916025307246232311e-04
9.415322724452020566e-04
9.450986825681005751e-04
9.326162471379558687e-04
8.898193256631739718e-04
9.415322724452020566e-04
8.791200952944785247e-04
9.130009914620141253e-04
8.666376598643337099e-04
8.702040699872322285e-04
8.327567636967981093e-04
8.381063788811457787e-04
9.058681712162171967e-04
8.595048396185367813e-04
8.702040699872322285e-04
8.470224041883920750e-04
9.219170167692604216e-04
8.737704801101307470e-04
8.416727890040442972e-04
8.559384294956382628e-04
8.702040699872322285e-04
8.523720193727397443e-04
7.917430472834653633e-04
9.201338117078111624e-04
8.505888143112905935e-04
8.773368902330292655e-04
9.664971433054915777e-04
7.471629207472342072e-04
8.042254827136101781e-04
8.577216345570875221e-04
8.381063788811457787e-04
9.754131686127377656e-04
7.792606118533206569e-04
8.256239434510010723e-04
8.309735586353488501e-04
7.382468954399880193e-04
8.345399687582473686e-04
8.006590725907116596e-04
8.684208649257829692e-04
8.541552244341890036e-04
8.006590725907116596e-04
8.042254827136101781e-04
7.435965106243357971e-04
8.006590725907116596e-04
7.899598422220162125e-04
8.381063788811457787e-04
7.970926624678131411e-04
7.774774067918713977e-04
7.970926624678131411e-04
8.024422776521609188e-04
7.150652296411478658e-04
8.042254827136101781e-04
8.416727890040442972e-04
8.131415080208563659e-04
7.150652296411478658e-04
7.899598422220162125e-04
6.972331790266553817e-04
8.791200952944785247e-04
7.560789460544805034e-04
7.257644600098433129e-04
7.756942017304221384e-04
7.560789460544805034e-04
7.560789460544805034e-04
7.204148448254955352e-04
7.293308701327418314e-04
7.935262523449146226e-04
7.275476650712925722e-04
6.954499739652061224e-04
7.560789460544805034e-04
7.328972802556402415e-04
7.935262523449146226e-04
7.846102270376684347e-04
7.721277916075237283e-04
8.220575333281025538e-04
6.794011284121628975e-04
7.970926624678131411e-04
7.756942017304221384e-04
6.936667689037568632e-04
7.221980498869447944e-04
7.774774067918713977e-04
7.114988195182493473e-04
7.525125359315819849e-04
7.792606118533206569e-04
8.238407383895518131e-04
7.311140751941909823e-04
6.883171537194090854e-04
7.025827942110030510e-04
6.883171537194090854e-04
7.025827942110030510e-04
6.758347182892643790e-04
7.632117663002774320e-04
6.490866423675257070e-04
7.168484347025970167e-04
6.366042069373810007e-04
6.865339486579598261e-04
6.972331790266553817e-04
6.312545917530332229e-04
6.508698474289749663e-04
6.901003587808583447e-04
7.007995891495537918e-04
6.990163840881046409e-04
6.241217715072362943e-04
6.366042069373810007e-04
6.490866423675257070e-04
6.259049765686854451e-04
6.276881816301347044e-04
6.437370271831779293e-04
6.722683081663658605e-04
6.597858727362211542e-04
6.544362575518734848e-04
6.169889512614392573e-04
6.794011284121628975e-04
6.312545917530332229e-04
6.330377968144824822e-04
6.865339486579598261e-04
6.526530524904242255e-04
6.098561310156423287e-04
6.383874119988302599e-04
6.330377968144824822e-04
6.080729259541930694e-04
6.740515132278151198e-04
6.259049765686854451e-04
6.259049765686854451e-04
6.366042069373810007e-04
5.938072854625991038e-04
6.562194626133226356e-04
6.580026676747718949e-04
5.955904905240482546e-04
6.615690777976704134e-04
6.241217715072362943e-04
5.973736955854975139e-04
6.098561310156423287e-04
6.330377968144824822e-04
6.223385664457870350e-04
6.116393360770914795e-04
6.045065158312945509e-04
5.938072854625991038e-04
6.312545917530332229e-04
6.027233107698452916e-04
6.045065158312945509e-04
5.848912601553528075e-04
5.510103639878170985e-04
6.152057461999899980e-04
5.884576702782513260e-04
6.294713866915839636e-04
6.241217715072362943e-04
5.545767741107156170e-04
5.741920297866573604e-04
6.009401057083960324e-04
5.706256196637588419e-04
5.403111336191216514e-04
5.634927994179619133e-04
5.902408753397005853e-04
3.084944756307196286e-04
5.670592095408603234e-04
5.866744652168020668e-04
6.526530524904242255e-04
5.884576702782513260e-04
5.813248500324542890e-04
5.920240804011498445e-04
5.652760044794110641e-04
6.027233107698452916e-04
5.866744652168020668e-04
5.724088247252081011e-04
5.955904905240482546e-04
7.079324093953508288e-04
5.777584399095558789e-04
5.866744652168020668e-04
6.330377968144824822e-04
5.938072854625991038e-04
6.508698474289749663e-04
5.741920297866573604e-04
5.848912601553528075e-04
5.706256196637588419e-04
5.848912601553528075e-04
5.563599791721648763e-04
5.599263892950633948e-04
5.670592095408603234e-04
5.278286981889769450e-04
5.510103639878170985e-04
5.527935690492663577e-04
5.492271589263679477e-04
5.420943386805709106e-04
5.296119032504262043e-04
5.367447234962231329e-04
5.510103639878170985e-04
5.474439538649186884e-04
5.206958779431799080e-04
5.456607488034694291e-04
5.581431842336141355e-04
5.652760044794110641e-04
5.403111336191216514e-04
5.189126728817307571e-04
5.028638273286875323e-04
5.260454931275276858e-04
5.206958779431799080e-04
5.242622880660784265e-04
5.331783133733247228e-04
5.599263892950633948e-04
4.975142121443397545e-04
5.224790830046291672e-04
5.242622880660784265e-04
5.189126728817307571e-04
4.226195995634714079e-04
5.385279285576723921e-04
5.135630576973829794e-04
5.617095943565126540e-04
5.082134425130352016e-04
5.260454931275276858e-04
5.171294678202814979e-04
5.153462627588322386e-04
5.831080550939035483e-04
5.403111336191216514e-04
5.153462627588322386e-04
5.046470323901366831e-04
5.242622880660784265e-04
5.403111336191216514e-04
5.117798526359337201e-04
5.046470323901366831e-04
5.260454931275276858e-04
5.795416449710051382e-04
5.010806222672382730e-04
5.224790830046291672e-04
5.224790830046291672e-04
4.957310070828904952e-04
4.957310070828904952e-04
5.135630576973829794e-04
4.885981868370935666e-04
4.814653665912965296e-04
5.082134425130352016e-04
5.331783133733247228e-04
4.921645969599919767e-04
4.957310070828904952e-04
4.743325463454995468e-04
4.832485716527457889e-04
4.778989564683980653e-04
4.939478020214412360e-04
4.725493412840502875e-04
4.903813918985427175e-04
5.117798526359337201e-04
5.242622880660784265e-04
4.921645969599919767e-04
4.689829311611518232e-04
4.689829311611518232e-04
5.082134425130352016e-04
4.618501109153548404e-04
4.939478020214412360e-04
4.975142121443397545e-04
4.493676754852100799e-04
4.957310070828904952e-04
4.814653665912965296e-04
4.814653665912965296e-04
4.440180603008623563e-04
5.260454931275276858e-04
5.260454931275276858e-04
4.796821615298472704e-04
4.868149817756442532e-04
4.707661362226010283e-04
4.921645969599919767e-04
4.921645969599919767e-04
4.778989564683980653e-04
4.957310070828904952e-04
4.975142121443397545e-04
4.939478020214412360e-04
5.189126728817307571e-04
4.671997260997025640e-04
4.885981868370935666e-04
4.903813918985427175e-04
4.921645969599919767e-04
4.814653665912965296e-04
4.404516501779638920e-04
4.671997260997025640e-04
4.939478020214412360e-04
4.458012653623116156e-04
4.761157514069488061e-04
4.743325463454995468e-04
4.493676754852100799e-04
4.315356248707176499e-04
4.671997260997025640e-04
4.511508805466593391e-04
4.315356248707176499e-04
5.099966475744844609e-04
4.707661362226010283e-04
5.028638273286875323e-04
4.654165210382533047e-04
4.671997260997025640e-04
4.190531894405728893e-04
4.190531894405728893e-04
4.689829311611518232e-04
4.119203691947759065e-04
4.333188299321668550e-04
4.707661362226010283e-04
4.565004957310070627e-04
4.333188299321668550e-04
4.119203691947759065e-04
4.618501109153548404e-04
4.404516501779638920e-04
4.511508805466593391e-04
4.636333159768040455e-04
4.725493412840502875e-04
4.654165210382533047e-04
4.547172906695578576e-04
4.547172906695578576e-04
4.600669058539055812e-04
4.582837007924563219e-04
4.422348552394130970e-04
4.012211388260804594e-04
4.511508805466593391e-04
3.709066527814432689e-04
4.761157514069488061e-04
3.958715236417326816e-04
4.975142121443397545e-04
4.297524198092683907e-04
4.279692147478191314e-04
4.315356248707176499e-04
4.244028046249206671e-04
5.741920297866573604e-04
4.244028046249206671e-04
4.422348552394130970e-04
4.565004957310070627e-04
4.065707540104281830e-04
4.065707540104281830e-04
3.940883185802834766e-04
4.761157514069488061e-04
4.047875489489789237e-04
4.226195995634714079e-04
4.244028046249206671e-04
4.333188299321668550e-04
2.799631946475316974e-04
4.279692147478191314e-04
4.814653665912965296e-04
3.869554983344864938e-04
3.905219084573849581e-04
3.940883185802834766e-04
4.101371641333267015e-04
3.352425515524583006e-04
3.530746021669507848e-04
4.244028046249206671e-04
3.869554983344864938e-04
4.404516501779638920e-04
4.368852400550653735e-04
4.244028046249206671e-04
4.012211388260804594e-04
3.816058831501387160e-04
4.154867793176744250e-04
4.386684451165146327e-04
3.994379337646312002e-04
3.887387033959356988e-04
3.994379337646312002e-04
4.119203691947759065e-04
4.047875489489789237e-04
3.923051135188342173e-04
3.673402426585447504e-04
3.762562679657909925e-04
4.030043438875296645e-04
3.833890882115879753e-04
3.673402426585447504e-04
4.386684451165146327e-04
3.245433211837628535e-04
4.030043438875296645e-04
3.923051135188342173e-04
3.405921667368060784e-04
3.816058831501387160e-04
3.477249869826030612e-04
3.905219084573849581e-04
3.316761414295598363e-04
3.958715236417326816e-04
4.101371641333267015e-04
3.851722932730372345e-04
3.370257566139075599e-04
3.833890882115879753e-04
3.976547287031819409e-04
3.673402426585447504e-04
3.851722932730372345e-04
3.923051135188342173e-04
3.512913971055015255e-04
4.208363945020221486e-04
3.744730629043417332e-04
4.047875489489789237e-04
3.887387033959356988e-04
3.887387033959356988e-04
3.762562679657909925e-04
3.709066527814432689e-04
3.940883185802834766e-04
3.709066527814432689e-04
3.726898578428925282e-04
3.762562679657909925e-04
3.441585768597045427e-04
3.994379337646312002e-04
3.923051135188342173e-04
3.655570375970954911e-04
3.833890882115879753e-04
3.744730629043417332e-04
3.370257566139075599e-04
4.101371641333267015e-04
3.762562679657909925e-04
4.279692147478191314e-04
3.619906274741970268e-04
4.154867793176744250e-04
3.530746021669507848e-04
3.744730629043417332e-04
3.352425515524583006e-04
3.780394730272402517e-04
3.798226780886895110e-04
3.459417819211538020e-04
3.495081920440523205e-04
3.655570375970954911e-04
3.709066527814432689e-04
3.994379337646312002e-04
2.746135794631839738e-04
4.012211388260804594e-04
3.602074224127477676e-04
3.709066527814432689e-04
3.191937059994151300e-04
3.495081920440523205e-04
3.209769110608643350e-04
3.334593464910090956e-04
3.441585768597045427e-04
3.566410122898493033e-04
3.352425515524583006e-04
3.744730629043417332e-04
3.619906274741970268e-04
3.423753717982553377e-04
3.441585768597045427e-04
3.691234477199940097e-04
3.709066527814432689e-04
3.762562679657909925e-04
3.370257566139075599e-04
3.174105009379658707e-04
3.512913971055015255e-04
3.477249869826030612e-04
3.298929363681105771e-04
3.405921667368060784e-04
3.281097313066613178e-04
3.423753717982553377e-04
3.584242173512985083e-04
3.619906274741970268e-04
3.655570375970954911e-04
3.459417819211538020e-04
3.281097313066613178e-04
3.905219084573849581e-04
3.281097313066613178e-04
3.441585768597045427e-04
3.780394730272402517e-04
2.746135794631839738e-04
4.083539590718774422e-04
2.193342225582573164e-04
3.031448604463719051e-04
3.548578072284000440e-04
3.388089616753568191e-04
3.334593464910090956e-04
3.084944756307196286e-04
3.316761414295598363e-04
3.191937059994151300e-04
3.174105009379658707e-04
3.530746021669507848e-04
3.209769110608643350e-04
2.817463997089809566e-04
3.013616553849226458e-04
3.156272958765166115e-04
3.459417819211538020e-04
2.853128098318794209e-04
3.031448604463719051e-04
3.298929363681105771e-04
3.084944756307196286e-04
3.120608857536181471e-04
2.853128098318794209e-04
2.870960148933286802e-04
3.334593464910090956e-04
3.316761414295598363e-04
3.138440908150673522e-04
3.388089616753568191e-04
3.584242173512985083e-04
3.174105009379658707e-04
3.156272958765166115e-04
3.334593464910090956e-04
3.174105009379658707e-04
3.334593464910090956e-04
3.174105009379658707e-04
3.120608857536181471e-04
2.995784503234733866e-04
3.477249869826030612e-04
2.746135794631839738e-04
3.067112705692703694e-04
3.388089616753568191e-04
2.870960148933286802e-04
2.639143490944884725e-04
4.368852400550653735e-04
2.781799895860824381e-04
3.156272958765166115e-04
3.566410122898493033e-04
3.191937059994151300e-04
3.156272958765166115e-04
2.460822984799959884e-04
3.566410122898493033e-04
3.459417819211538020e-04
3.334593464910090956e-04
2.728303744017347146e-04
2.799631946475316974e-04
2.639143490944884725e-04
2.942288351391256630e-04
3.263265262452121128e-04
3.120608857536181471e-04
3.209769110608643350e-04
3.138440908150673522e-04
2.817463997089809566e-04
2.746135794631839738e-04
3.191937059994151300e-04
3.156272958765166115e-04
3.263265262452121128e-04
2.888792199547779395e-04
3.067112705692703694e-04
2.942288351391256630e-04
1.872365314521708666e-04
3.102776806921688879e-04
3.102776806921688879e-04
3.245433211837628535e-04
3.138440908150673522e-04
2.977952452620241273e-04
3.263265262452121128e-04
2.460822984799959884e-04
2.977952452620241273e-04
2.728303744017347146e-04
3.512913971055015255e-04
2.799631946475316974e-04
3.102776806921688879e-04
2.763967845246331789e-04
3.013616553849226458e-04
2.995784503234733866e-04
2.781799895860824381e-04
2.906624250162271445e-04
2.995784503234733866e-04
2.621311440330392132e-04
3.084944756307196286e-04
2.853128098318794209e-04
2.942288351391256630e-04
2.835296047704301617e-04
2.549983237872422304e-04
2.532151187257929712e-04
2.621311440330392132e-04
2.763967845246331789e-04
3.102776806921688879e-04
2.906624250162271445e-04
2.924456300776764038e-04
2.603479389715899540e-04
3.191937059994151300e-04
3.031448604463719051e-04
3.174105009379658707e-04
2.799631946475316974e-04
3.138440908150673522e-04
2.870960148933286802e-04
2.960120402005749223e-04
2.514319136643437661e-04
2.799631946475316974e-04
2.799631946475316974e-04
2.710471693402854553e-04
2.942288351391256630e-04
2.496487086028945069e-04
2.746135794631839738e-04
2.763967845246331789e-04
2.763967845246331789e-04
2.799631946475316974e-04
2.532151187257929712e-04
2.799631946475316974e-04
2.870960148933286802e-04
2.781799895860824381e-04
2.389494782341990327e-04
2.746135794631839738e-04
3.013616553849226458e-04
2.549983237872422304e-04
2.906624250162271445e-04
2.799631946475316974e-04
3.209769110608643350e-04
2.746135794631839738e-04
2.960120402005749223e-04
2.906624250162271445e-04
2.960120402005749223e-04
2.799631946475316974e-04
2.264670428040542992e-04
2.621311440330392132e-04
3.049280655078211643e-04
2.817463997089809566e-04
2.870960148933286802e-04
2.817463997089809566e-04
2.532151187257929712e-04
2.763967845246331789e-04
2.549983237872422304e-04
2.567815288486914897e-04
2.674807592173869368e-04
3.067112705692703694e-04
2.853128098318794209e-04
2.335998630498512820e-04
2.746135794631839738e-04
2.942288351391256630e-04
2.817463997089809566e-04
2.460822984799959884e-04
2.692639642788361961e-04
2.442990934185467833e-04
1.979357618208663408e-04
2.585647339101407489e-04
2.674807592173869368e-04
3.388089616753568191e-04
2.496487086028945069e-04
2.585647339101407489e-04
2.496487086028945069e-04
2.710471693402854553e-04
2.692639642788361961e-04
2.692639642788361961e-04
2.746135794631839738e-04
2.549983237872422304e-04
2.728303744017347146e-04
2.710471693402854553e-04
2.746135794631839738e-04
2.656975541559377318e-04
2.746135794631839738e-04
3.655570375970954911e-04
2.799631946475316974e-04
2.674807592173869368e-04
2.282502478655035313e-04
2.478655035414452476e-04
2.371662731727497734e-04
2.532151187257929712e-04
1.818869162678231430e-04
2.353830681113005141e-04
2.763967845246331789e-04
2.656975541559377318e-04
2.853128098318794209e-04
2.407326832956482648e-04
2.656975541559377318e-04
2.246838377426050399e-04
2.318166579884020227e-04
2.532151187257929712e-04
2.710471693402854553e-04
2.478655035414452476e-04
2.335998630498512820e-04
2.353830681113005141e-04
2.674807592173869368e-04
2.674807592173869368e-04
2.264670428040542992e-04
2.335998630498512820e-04
2.478655035414452476e-04
2.264670428040542992e-04
2.603479389715899540e-04
2.371662731727497734e-04
3.263265262452121128e-04
2.692639642788361961e-04
2.353830681113005141e-04
2.300334529269527906e-04
2.371662731727497734e-04
2.639143490944884725e-04
2.478655035414452476e-04
2.781799895860824381e-04
2.318166579884020227e-04
2.335998630498512820e-04
2.496487086028945069e-04
2.193342225582573164e-04
2.122014023124603336e-04
2.514319136643437661e-04
2.282502478655035313e-04
2.532151187257929712e-04
2.835296047704301617e-04
2.193342225582573164e-04
2.621311440330392132e-04
2.104181972510110743e-04
2.353830681113005141e-04
2.371662731727497734e-04
2.532151187257929712e-04
2.193342225582573164e-04
2.549983237872422304e-04
2.514319136643437661e-04
2.389494782341990327e-04
2.407326832956482648e-04
2.496487086028945069e-04
2.407326832956482648e-04
2.353830681113005141e-04
2.460822984799959884e-04
2.318166579884020227e-04
2.532151187257929712e-04
2.371662731727497734e-04
2.460822984799959884e-04
2.514319136643437661e-04
2.282502478655035313e-04
2.442990934185467833e-04
2.585647339101407489e-04
2.211174276197065485e-04
2.656975541559377318e-04
2.139846073739095657e-04
2.407326832956482648e-04
2.496487086028945069e-04
2.353830681113005141e-04
2.460822984799959884e-04
1.426564049159397105e-04
2.015021719437648322e-04
2.549983237872422304e-04
2.157678124353588250e-04
2.122014023124603336e-04
2.425158883570975241e-04
2.442990934185467833e-04
2.264670428040542992e-04
2.371662731727497734e-04
2.246838377426050399e-04
2.157678124353588250e-04
2.353830681113005141e-04
2.086349921895618421e-04
2.353830681113005141e-04
2.567815288486914897e-04
2.139846073739095657e-04
2.389494782341990327e-04
2.264670428040542992e-04
2.460822984799959884e-04
2.032853770052140915e-04
2.478655035414452476e-04
2.389494782341990327e-04
3.227601161223135943e-04
1.997189668823156001e-04
2.621311440330392132e-04
2.157678124353588250e-04
3.209769110608643350e-04
1.997189668823156001e-04
2.318166579884020227e-04
2.549983237872422304e-04
3.031448604463719051e-04
2.674807592173869368e-04
2.603479389715899540e-04
2.639143490944884725e-04
2.318166579884020227e-04
2.353830681113005141e-04
2.407326832956482648e-04
2.442990934185467833e-04
2.300334529269527906e-04
2.086349921895618421e-04
2.104181972510110743e-04
1.979357618208663408e-04
1.640548656533306589e-04
2.300334529269527906e-04
2.211174276197065485e-04
2.282502478655035313e-04
2.104181972510110743e-04
2.175510174968080571e-04
3.013616553849226458e-04
2.264670428040542992e-04
1.997189668823156001e-04
2.175510174968080571e-04
1.747540960220261602e-04
2.068517871281125829e-04
2.229006326811558078e-04
2.567815288486914897e-04
2.229006326811558078e-04
2.211174276197065485e-04
2.300334529269527906e-04
2.264670428040542992e-04
2.122014023124603336e-04
2.139846073739095657e-04
2.282502478655035313e-04
2.104181972510110743e-04
2.068517871281125829e-04
2.264670428040542992e-04
2.122014023124603336e-04
2.353830681113005141e-04
2.229006326811558078e-04
2.157678124353588250e-04
2.122014023124603336e-04
2.015021719437648322e-04
1.979357618208663408e-04
2.122014023124603336e-04
2.211174276197065485e-04
1.925861466365186173e-04
2.050685820666633507e-04
2.032853770052140915e-04
2.300334529269527906e-04
2.086349921895618421e-04
1.979357618208663408e-04
1.836701213292723752e-04
2.193342225582573164e-04
2.068517871281125829e-04
2.246838377426050399e-04
2.335998630498512820e-04
2.086349921895618421e-04
2.104181972510110743e-04
2.104181972510110743e-04
2.335998630498512820e-04
2.175510174968080571e-04
2.300334529269527906e-04
1.872365314521708666e-04
2.139846073739095657e-04
1.872365314521708666e-04
1.801037112063738838e-04
2.692639642788361961e-04
2.015021719437648322e-04
1.747540960220261602e-04
2.104181972510110743e-04
2.157678124353588250e-04
1.444396099773889697e-04
2.068517871281125829e-04
2.211174276197065485e-04
2.086349921895618421e-04
2.246838377426050399e-04
2.264670428040542992e-04
2.050685820666633507e-04
1.836701213292723752e-04
2.104181972510110743e-04
2.032853770052140915e-04
2.229006326811558078e-04
2.015021719437648322e-04
2.086349921895618421e-04
1.997189668823156001e-04
2.282502478655035313e-04
2.050685820666633507e-04
1.818869162678231430e-04
1.783205061449246516e-04
2.122014023124603336e-04
1.569220454075336761e-04
2.015021719437648322e-04
1.925861466365186173e-04
1.943693516979678494e-04
1.943693516979678494e-04
2.086349921895618421e-04
2.496487086028945069e-04
2.050685820666633507e-04
2.050685820666633507e-04
2.104181972510110743e-04
1.979357618208663408e-04
2.175510174968080571e-04
2.050685820666633507e-04
2.229006326811558078e-04
2.104181972510110743e-04
1.818869162678231430e-04
2.460822984799959884e-04
2.050685820666633507e-04
1.872365314521708666e-04
2.015021719437648322e-04
2.032853770052140915e-04
1.854533263907216345e-04
2.460822984799959884e-04
1.908029415750693580e-04
2.050685820666633507e-04
1.997189668823156001e-04
1.836701213292723752e-04
1.943693516979678494e-04
1.979357618208663408e-04
1.943693516979678494e-04
2.282502478655035313e-04
1.925861466365186173e-04
1.961525567594171087e-04
1.961525567594171087e-04
2.193342225582573164e-04
2.068517871281125829e-04
1.854533263907216345e-04
1.979357618208663408e-04
1.604884555304321675e-04
1.836701213292723752e-04
2.015021719437648322e-04
1.961525567594171087e-04
2.086349921895618421e-04
1.515724302231859525e-04
1.854533263907216345e-04
1.943693516979678494e-04
1.747540960220261602e-04
1.747540960220261602e-04
2.514319136643437661e-04
1.694044808376784096e-04
1.747540960220261602e-04
2.104181972510110743e-04
1.836701213292723752e-04
1.979357618208663408e-04
2.015021719437648322e-04
2.193342225582573164e-04
2.015021719437648322e-04
2.139846073739095657e-04
2.122014023124603336e-04
1.943693516979678494e-04
1.979357618208663408e-04
2.264670428040542992e-04
1.836701213292723752e-04
2.032853770052140915e-04
1.818869162678231430e-04
1.908029415750693580e-04
2.139846073739095657e-04
1.676212757762291503e-04
1.997189668823156001e-04
1.890197365136201259e-04
1.515724302231859525e-04
2.371662731727497734e-04
1.890197365136201259e-04
1.622716605918814268e-04
1.997189668823156001e-04
1.426564049159397105e-04
1.836701213292723752e-04
2.032853770052140915e-04
1.747540960220261602e-04
2.122014023124603336e-04
1.729708909605769010e-04
1.854533263907216345e-04
1.836701213292723752e-04
1.390899947930412191e-04
1.622716605918814268e-04
1.801037112063738838e-04
1.908029415750693580e-04
1.587052504689829354e-04
1.587052504689829354e-04
1.801037112063738838e-04
1.818869162678231430e-04
2.300334529269527906e-04
1.783205061449246516e-04
1.604884555304321675e-04
1.694044808376784096e-04
1.676212757762291503e-04
1.818869162678231430e-04
1.676212757762291503e-04
1.836701213292723752e-04
1.676212757762291503e-04
1.337403796086934684e-04
1.890197365136201259e-04
1.694044808376784096e-04
1.711876858991276688e-04
1.943693516979678494e-04
1.925861466365186173e-04
1.801037112063738838e-04
2.050685820666633507e-04
1.711876858991276688e-04
1.729708909605769010e-04
1.747540960220261602e-04
1.711876858991276688e-04
1.729708909605769010e-04
1.908029415750693580e-04
1.836701213292723752e-04
2.157678124353588250e-04
1.640548656533306589e-04
1.373067897315919869e-04
1.765373010834753924e-04
2.229006326811558078e-04
1.979357618208663408e-04
1.854533263907216345e-04
1.747540960220261602e-04
1.925861466365186173e-04
1.783205061449246516e-04
1.711876858991276688e-04
1.925861466365186173e-04
1.783205061449246516e-04
1.515724302231859525e-04
1.747540960220261602e-04
1.783205061449246516e-04
1.729708909605769010e-04
1.551388403460844439e-04
1.747540960220261602e-04
1.943693516979678494e-04
1.694044808376784096e-04
1.943693516979678494e-04
1.943693516979678494e-04
1.783205061449246516e-04
1.622716605918814268e-04
1.801037112063738838e-04
1.604884555304321675e-04
1.854533263907216345e-04
1.497892251617366933e-04
1.711876858991276688e-04
1.337403796086934684e-04
1.480060201002874611e-04
2.139846073739095657e-04
1.658380707147799182e-04
1.640548656533306589e-04
1.319571745472442363e-04
1.836701213292723752e-04
1.747540960220261602e-04
1.783205061449246516e-04
1.997189668823156001e-04
1.854533263907216345e-04
1.694044808376784096e-04
1.658380707147799182e-04
1.818869162678231430e-04
1.569220454075336761e-04
1.872365314521708666e-04
1.426564049159397105e-04
1.854533263907216345e-04
1.515724302231859525e-04
1.711876858991276688e-04
1.961525567594171087e-04
1.622716605918814268e-04
1.694044808376784096e-04
1.569220454075336761e-04
1.604884555304321675e-04
1.462228150388382019e-04
1.515724302231859525e-04
1.658380707147799182e-04
1.640548656533306589e-04
1.604884555304321675e-04
1.729708909605769010e-04
1.676212757762291503e-04
1.640548656533306589e-04
1.783205061449246516e-04
1.711876858991276688e-04
1.711876858991276688e-04
1.694044808376784096e-04
1.587052504689829354e-04
1.765373010834753924e-04
1.836701213292723752e-04
1.676212757762291503e-04
1.444396099773889697e-04
1.676212757762291503e-04
1.836701213292723752e-04
1.747540960220261602e-04
1.587052504689829354e-04
1.658380707147799182e-04
1.587052504689829354e-04
1.426564049159397105e-04
1.426564049159397105e-04
1.640548656533306589e-04
1.729708909605769010e-04
1.622716605918814268e-04
1.729708909605769010e-04
1.694044808376784096e-04
2.032853770052140915e-04
1.872365314521708666e-04
1.622716605918814268e-04
1.818869162678231430e-04
1.533556352846351847e-04
1.765373010834753924e-04
1.087755087484040286e-04
1.658380707147799182e-04
1.729708909605769010e-04
1.622716605918814268e-04
1.497892251617366933e-04
1.301739694857949770e-04
1.533556352846351847e-04
1.444396099773889697e-04
1.658380707147799182e-04
1.640548656533306589e-04
1.480060201002874611e-04
1.765373010834753924e-04
1.676212757762291503e-04
1.569220454075336761e-04
1.765373010834753924e-04
1.622716605918814268e-04
2.068517871281125829e-04
1.676212757762291503e-04
1.551388403460844439e-04
1.248243543014472534e-04
1.551388403460844439e-04
1.301739694857949770e-04
1.408731998544904783e-04
1.515724302231859525e-04
1.604884555304321675e-04
1.694044808376784096e-04
7.489461258086834664e-05
1.587052504689829354e-04
1.551388403460844439e-04
1.587052504689829354e-04
1.462228150388382019e-04
1.551388403460844439e-04
1.480060201002874611e-04
1.836701213292723752e-04
1.872365314521708666e-04
1.801037112063738838e-04
1.622716605918814268e-04
1.480060201002874611e-04
1.551388403460844439e-04
1.711876858991276688e-04
1.069923036869547829e-04
1.497892251617366933e-04
1.497892251617366933e-04
1.515724302231859525e-04
1.515724302231859525e-04
1.462228150388382019e-04
1.248243543014472534e-04
1.355235846701427277e-04
1.604884555304321675e-04
1.533556352846351847e-04
1.444396099773889697e-04
1.587052504689829354e-04
1.497892251617366933e-04
1.176915340556502571e-04
1.497892251617366933e-04
1.462228150388382019e-04
1.694044808376784096e-04
4.458012653623116291e-05
1.301739694857949770e-04
1.390899947930412191e-04
1.444396099773889697e-04
1.658380707147799182e-04
1.337403796086934684e-04
1.462228150388382019e-04
1.587052504689829354e-04
1.497892251617366933e-04
1.319571745472442363e-04
1.604884555304321675e-04
1.408731998544904783e-04
1.390899947930412191e-04
1.462228150388382019e-04
1.854533263907216345e-04
1.640548656533306589e-04
1.266075593628964856e-04
1.355235846701427277e-04
1.123419188713025200e-04
1.569220454075336761e-04
1.301739694857949770e-04
1.497892251617366933e-04
1.604884555304321675e-04
1.729708909605769010e-04
1.676212757762291503e-04
1.711876858991276688e-04
1.444396099773889697e-04
1.194747391170995163e-04
1.426564049159397105e-04
1.658380707147799182e-04
1.551388403460844439e-04
1.604884555304321675e-04
1.747540960220261602e-04
1.052090986255055372e-04
1.408731998544904783e-04
1.533556352846351847e-04
1.533556352846351847e-04
1.266075593628964856e-04
1.408731998544904783e-04
1.319571745472442363e-04
1.230411492399979942e-04
1.319571745472442363e-04
1.551388403460844439e-04
1.729708909605769010e-04
1.480060201002874611e-04
1.622716605918814268e-04
1.622716605918814268e-04
1.480060201002874611e-04
1.408731998544904783e-04
1.658380707147799182e-04
1.480060201002874611e-04
1.640548656533306589e-04
1.426564049159397105e-04
1.230411492399979942e-04
1.390899947930412191e-04
1.515724302231859525e-04
1.836701213292723752e-04
1.283907644243457448e-04
1.408731998544904783e-04
1.176915340556502571e-04
1.016426885026070457e-04
1.319571745472442363e-04
1.551388403460844439e-04
1.551388403460844439e-04
1.355235846701427277e-04
1.515724302231859525e-04
1.480060201002874611e-04
1.373067897315919869e-04
1.480060201002874611e-04
1.426564049159397105e-04
1.373067897315919869e-04
9.985948344115780004e-05
1.426564049159397105e-04
1.248243543014472534e-04
1.533556352846351847e-04
1.319571745472442363e-04
1.444396099773889697e-04
1.497892251617366933e-04
1.194747391170995163e-04
1.373067897315919869e-04
1.337403796086934684e-04
1.212579441785487620e-04
1.569220454075336761e-04
1.444396099773889697e-04
1.230411492399979942e-04
1.444396099773889697e-04
1.301739694857949770e-04
1.961525567594171087e-04
1.159083289942010114e-04
1.301739694857949770e-04
1.569220454075336761e-04
1.283907644243457448e-04
1.355235846701427277e-04
1.533556352846351847e-04
1.462228150388382019e-04
1.301739694857949770e-04
1.569220454075336761e-04
1.390899947930412191e-04
1.676212757762291503e-04
1.301739694857949770e-04
1.444396099773889697e-04
1.569220454075336761e-04
1.390899947930412191e-04
1.194747391170995163e-04
1.283907644243457448e-04
1.480060201002874611e-04
1.408731998544904783e-04
1.105587138098532743e-04
1.444396099773889697e-04
1.480060201002874611e-04
1.301739694857949770e-04
1.248243543014472534e-04
7.846102270376683805e-05
1.622716605918814268e-04
9.450986825681006293e-05
1.248243543014472534e-04
6.954499739652060953e-05
1.551388403460844439e-04
1.462228150388382019e-04
1.408731998544904783e-04
1.337403796086934684e-04
1.373067897315919869e-04
1.390899947930412191e-04
1.176915340556502571e-04
1.480060201002874611e-04
1.480060201002874611e-04
1.301739694857949770e-04
1.533556352846351847e-04
1.248243543014472534e-04
1.890197365136201259e-04
1.408731998544904783e-04
1.480060201002874611e-04
1.444396099773889697e-04
1.373067897315919869e-04
1.337403796086934684e-04
1.319571745472442363e-04
1.248243543014472534e-04
1.301739694857949770e-04
1.319571745472442363e-04
1.301739694857949770e-04
1.373067897315919869e-04
1.515724302231859525e-04
1.301739694857949770e-04
1.373067897315919869e-04
1.373067897315919869e-04
1.533556352846351847e-04
1.515724302231859525e-04
1.319571745472442363e-04
1.426564049159397105e-04
1.480060201002874611e-04
1.212579441785487620e-04
1.194747391170995163e-04
1.123419188713025200e-04
1.515724302231859525e-04
1.497892251617366933e-04
1.569220454075336761e-04
1.408731998544904783e-04
1.105587138098532743e-04
1.141251239327517657e-04
1.355235846701427277e-04
1.123419188713025200e-04
1.301739694857949770e-04
1.355235846701427277e-04
1.497892251617366933e-04
1.266075593628964856e-04
1.301739694857949770e-04
1.426564049159397105e-04
1.408731998544904783e-04
1.337403796086934684e-04
1.301739694857949770e-04
1.230411492399979942e-04
1.355235846701427277e-04
1.230411492399979942e-04
1.337403796086934684e-04
1.497892251617366933e-04
1.408731998544904783e-04
1.248243543014472534e-04
1.444396099773889697e-04
1.337403796086934684e-04
1.248243543014472534e-04
1.373067897315919869e-04
1.141251239327517657e-04
1.194747391170995163e-04
1.390899947930412191e-04
1.212579441785487620e-04
1.587052504689829354e-04
1.266075593628964856e-04
1.266075593628964856e-04
1.301739694857949770e-04
1.283907644243457448e-04
1.283907644243457448e-04
1.319571745472442363e-04
1.747540960220261602e-04
1.141251239327517657e-04
1.319571745472442363e-04
1.105587138098532743e-04
1.283907644243457448e-04
1.248243543014472534e-04
1.587052504689829354e-04
1.266075593628964856e-04
7.846102270376683805e-05
1.176915340556502571e-04
1.212579441785487620e-04
9.985948344115780004e-05
1.319571745472442363e-04
1.319571745472442363e-04
1.319571745472442363e-04
1.587052504689829354e-04
1.337403796086934684e-04
9.985948344115780004e-05
1.319571745472442363e-04
1.069923036869547829e-04
1.444396099773889697e-04
1.212579441785487620e-04
1.176915340556502571e-04
9.629307331825930863e-05
1.301739694857949770e-04
9.629307331825930863e-05
9.985948344115780004e-05
1.319571745472442363e-04
9.094345813391157152e-05
1.248243543014472534e-04
1.319571745472442363e-04
8.202743282666532946e-05
1.141251239327517657e-04
1.337403796086934684e-04
1.337403796086934684e-04
1.355235846701427277e-04
1.319571745472442363e-04
1.034258935640562914e-04
6.419538221217287242e-05
1.212579441785487620e-04
1.390899947930412191e-04
1.176915340556502571e-04
1.194747391170995163e-04
1.123419188713025200e-04
1.123419188713025200e-04
1.159083289942010114e-04
1.123419188713025200e-04
1.355235846701427277e-04
1.248243543014472534e-04
1.462228150388382019e-04
1.248243543014472534e-04
1.105587138098532743e-04
1.301739694857949770e-04
1.159083289942010114e-04
1.176915340556502571e-04
1.248243543014472534e-04
1.355235846701427277e-04
8.737704801101308012e-05
1.480060201002874611e-04
1.069923036869547829e-04
1.123419188713025200e-04
1.052090986255055372e-04
1.230411492399979942e-04
1.248243543014472534e-04
1.373067897315919869e-04
1.159083289942010114e-04
1.230411492399979942e-04
1.087755087484040286e-04
1.123419188713025200e-04
1.355235846701427277e-04
1.266075593628964856e-04
1.283907644243457448e-04
1.551388403460844439e-04
1.016426885026070457e-04
1.194747391170995163e-04
1.105587138098532743e-04
1.301739694857949770e-04
1.069923036869547829e-04
1.016426885026070457e-04
1.159083289942010114e-04
9.450986825681006293e-05
1.283907644243457448e-04
1.141251239327517657e-04
1.016426885026070457e-04
1.141251239327517657e-04
1.390899947930412191e-04
1.194747391170995163e-04
1.212579441785487620e-04
1.266075593628964856e-04
1.087755087484040286e-04
1.212579441785487620e-04
1.176915340556502571e-04
9.450986825681006293e-05
9.807627837970855434e-05
1.319571745472442363e-04
1.230411492399979942e-04
1.034258935640562914e-04
1.337403796086934684e-04
1.230411492399979942e-04
1.248243543014472534e-04
1.016426885026070457e-04
1.176915340556502571e-04
1.497892251617366933e-04
1.087755087484040286e-04
1.141251239327517657e-04
1.212579441785487620e-04
1.176915340556502571e-04
8.559384294956383441e-05
1.105587138098532743e-04
1.248243543014472534e-04
1.248243543014472534e-04
1.212579441785487620e-04
1.266075593628964856e-04
1.176915340556502571e-04
9.450986825681006293e-05
1.159083289942010114e-04
1.141251239327517657e-04
1.248243543014472534e-04
1.194747391170995163e-04
9.272666319536081723e-05
1.123419188713025200e-04
1.248243543014472534e-04
1.194747391170995163e-04
1.426564049159397105e-04
4.636333159768040861e-05
1.052090986255055372e-04
1.052090986255055372e-04
1.123419188713025200e-04
1.034258935640562914e-04
1.176915340556502571e-04
1.141251239327517657e-04
1.087755087484040286e-04
9.807627837970855434e-05
1.426564049159397105e-04
1.087755087484040286e-04
9.272666319536081723e-05
1.176915340556502571e-04
1.176915340556502571e-04
9.807627837970855434e-05
1.141251239327517657e-04
1.087755087484040286e-04
9.629307331825930863e-05
1.551388403460844439e-04
1.016426885026070457e-04
1.087755087484040286e-04
1.069923036869547829e-04
1.087755087484040286e-04
1.069923036869547829e-04
1.159083289942010114e-04
1.248243543014472534e-04
8.024422776521608375e-05
1.373067897315919869e-04
1.087755087484040286e-04
1.159083289942010114e-04
1.319571745472442363e-04
1.069923036869547829e-04
9.450986825681006293e-05
1.069923036869547829e-04
1.194747391170995163e-04
1.087755087484040286e-04
1.515724302231859525e-04
1.105587138098532743e-04
1.212579441785487620e-04
1.123419188713025200e-04
9.807627837970855434e-05
8.559384294956383441e-05
7.667781764231759235e-05
1.159083289942010114e-04
1.319571745472442363e-04
1.212579441785487620e-04
1.141251239327517657e-04
1.123419188713025200e-04
1.141251239327517657e-04
1.176915340556502571e-04
1.052090986255055372e-04
1.069923036869547829e-04
1.337403796086934684e-04
9.450986825681006293e-05
1.283907644243457448e-04
1.176915340556502571e-04
1.248243543014472534e-04
1.123419188713025200e-04
9.272666319536081723e-05
1.141251239327517657e-04
1.141251239327517657e-04
9.272666319536081723e-05
1.052090986255055372e-04
1.016426885026070457e-04
1.212579441785487620e-04
1.034258935640562914e-04
9.450986825681006293e-05
1.159083289942010114e-04
9.629307331825930863e-05
9.629307331825930863e-05
1.123419188713025200e-04
9.807627837970855434e-05
9.450986825681006293e-05
1.159083289942010114e-04
1.283907644243457448e-04
1.373067897315919869e-04
1.141251239327517657e-04
1.105587138098532743e-04
9.629307331825930863e-05
1.087755087484040286e-04
9.450986825681006293e-05
9.272666319536081723e-05
1.159083289942010114e-04
9.985948344115780004e-05
1.176915340556502571e-04
1.034258935640562914e-04
1.301739694857949770e-04
1.408731998544904783e-04
9.985948344115780004e-05
1.034258935640562914e-04
8.024422776521608375e-05
1.016426885026070457e-04
9.985948344115780004e-05
1.034258935640562914e-04
1.034258935640562914e-04
9.272666319536081723e-05
1.141251239327517657e-04
1.052090986255055372e-04
9.450986825681006293e-05
9.629307331825930863e-05
1.087755087484040286e-04
9.985948344115780004e-05
9.807627837970855434e-05
1.176915340556502571e-04
1.141251239327517657e-04
9.450986825681006293e-05
1.034258935640562914e-04
1.230411492399979942e-04
1.069923036869547829e-04
1.230411492399979942e-04
9.272666319536081723e-05
1.087755087484040286e-04
9.094345813391157152e-05
1.373067897315919869e-04
9.272666319536081723e-05
1.069923036869547829e-04
9.094345813391157152e-05
8.202743282666532946e-05
1.069923036869547829e-04
1.087755087484040286e-04
9.450986825681006293e-05
1.319571745472442363e-04
1.052090986255055372e-04
1.087755087484040286e-04
1.159083289942010114e-04
1.087755087484040286e-04
8.202743282666532946e-05
9.629307331825930863e-05
1.016426885026070457e-04
9.807627837970855434e-05
1.052090986255055372e-04
8.737704801101308012e-05
1.034258935640562914e-04
9.629307331825930863e-05
1.105587138098532743e-04
1.034258935640562914e-04
1.212579441785487620e-04
1.355235846701427277e-04
1.141251239327517657e-04
9.450986825681006293e-05
9.807627837970855434e-05
1.087755087484040286e-04
1.105587138098532743e-04
1.105587138098532743e-04
1.069923036869547829e-04
1.052090986255055372e-04
1.087755087484040286e-04
9.272666319536081723e-05
9.807627837970855434e-05
1.159083289942010114e-04
1.034258935640562914e-04
1.052090986255055372e-04
8.916025307246232582e-05
8.916025307246232582e-05
1.016426885026070457e-04
9.807627837970855434e-05
1.069923036869547829e-04
9.629307331825930863e-05
9.985948344115780004e-05
1.034258935640562914e-04
8.559384294956383441e-05
9.807627837970855434e-05
7.846102270376683805e-05
1.176915340556502571e-04
9.985948344115780004e-05
9.807627837970855434e-05
1.052090986255055372e-04
9.450986825681006293e-05
1.034258935640562914e-04
1.212579441785487620e-04
1.159083289942010114e-04
9.450986825681006293e-05
1.141251239327517657e-04
9.985948344115780004e-05
9.807627837970855434e-05
1.212579441785487620e-04
7.311140751941910094e-05
1.034258935640562914e-04
8.916025307246232582e-05
9.807627837970855434e-05
9.629307331825930863e-05
8.737704801101308012e-05
7.489461258086834664e-05
9.272666319536081723e-05
9.807627837970855434e-05
9.094345813391157152e-05
9.807627837970855434e-05
9.985948344115780004e-05
9.272666319536081723e-05
9.807627837970855434e-05
8.559384294956383441e-05
7.311140751941910094e-05
1.176915340556502571e-04
7.667781764231759235e-05
1.159083289942010114e-04
9.629307331825930863e-05
9.807627837970855434e-05
8.737704801101308012e-05
1.016426885026070457e-04
9.985948344115780004e-05
1.248243543014472534e-04
1.087755087484040286e-04
8.024422776521608375e-05
9.629307331825930863e-05
1.034258935640562914e-04
7.311140751941910094e-05
9.450986825681006293e-05
9.985948344115780004e-05
7.667781764231759235e-05
1.016426885026070457e-04
1.016426885026070457e-04
7.667781764231759235e-05
7.667781764231759235e-05
1.105587138098532743e-04
9.985948344115780004e-05
9.094345813391157152e-05
1.301739694857949770e-04
1.034258935640562914e-04
9.629307331825930863e-05
1.052090986255055372e-04
1.087755087484040286e-04
9.985948344115780004e-05
5.706256196637588283e-05
9.094345813391157152e-05
7.489461258086834664e-05
8.916025307246232582e-05
1.194747391170995163e-04
1.052090986255055372e-04
1.087755087484040286e-04
9.450986825681006293e-05
1.105587138098532743e-04
1.034258935640562914e-04
9.807627837970855434e-05
1.069923036869547829e-04
1.087755087484040286e-04
7.667781764231759235e-05
9.272666319536081723e-05
1.087755087484040286e-04
7.132820245796985524e-05
7.846102270376683805e-05
9.094345813391157152e-05
8.916025307246232582e-05
4.814653665912965432e-05
9.094345813391157152e-05
9.807627837970855434e-05
1.052090986255055372e-04
4.458012653623116291e-05
7.489461258086834664e-05
9.985948344115780004e-05
9.450986825681006293e-05
8.916025307246232582e-05
9.094345813391157152e-05
8.381063788811457516e-05
9.629307331825930863e-05
9.629307331825930863e-05
9.272666319536081723e-05
1.194747391170995163e-04
8.202743282666532946e-05
8.202743282666532946e-05
8.024422776521608375e-05
1.016426885026070457e-04
8.381063788811457516e-05
9.094345813391157152e-05
9.094345813391157152e-05
9.450986825681006293e-05
9.629307331825930863e-05
9.272666319536081723e-05
9.450986825681006293e-05
8.737704801101308012e-05
9.985948344115780004e-05
8.381063788811457516e-05
9.094345813391157152e-05
1.087755087484040286e-04
1.105587138098532743e-04
8.202743282666532946e-05
1.248243543014472501e-05
9.985948344115780004e-05
8.381063788811457516e-05
1.052090986255055372e-04
9.450986825681006293e-05
1.016426885026070457e-04
9.450986825681006293e-05
9.094345813391157152e-05
9.985948344115780004e-05
4.992974172057890002e-05
9.807627837970855434e-05
9.985948344115780004e-05
9.450986825681006293e-05
7.489461258086834664e-05
1.105587138098532743e-04
7.132820245796985524e-05
8.024422776521608375e-05
9.807627837970855434e-05
8.381063788811457516e-05
9.450986825681006293e-05
7.132820245796985524e-05
8.916025307246232582e-05
7.667781764231759235e-05
7.489461258086834664e-05
7.667781764231759235e-05
8.202743282666532946e-05
9.272666319536081723e-05
8.737704801101308012e-05
8.559384294956383441e-05
7.667781764231759235e-05
1.105587138098532743e-04
7.311140751941910094e-05
9.094345813391157152e-05
8.024422776521608375e-05
8.559384294956383441e-05
8.202743282666532946e-05
1.016426885026070457e-04
7.846102270376683805e-05
1.016426885026070457e-04
1.034258935640562914e-04
7.846102270376683805e-05
8.381063788811457516e-05
7.846102270376683805e-05
8.737704801101308012e-05
8.916025307246232582e-05
8.916025307246232582e-05
9.272666319536081723e-05
7.667781764231759235e-05
8.024422776521608375e-05
8.024422776521608375e-05
9.629307331825930863e-05
1.212579441785487620e-04
8.202743282666532946e-05
8.381063788811457516e-05
1.069923036869547829e-04
7.311140751941910094e-05
1.016426885026070457e-04
9.985948344115780004e-05
7.667781764231759235e-05
1.016426885026070457e-04
1.105587138098532743e-04
7.667781764231759235e-05
9.450986825681006293e-05
9.985948344115780004e-05
7.311140751941910094e-05
8.916025307246232582e-05
7.667781764231759235e-05
9.272666319536081723e-05
8.737704801101308012e-05
9.450986825681006293e-05
8.737704801101308012e-05
9.985948344115780004e-05
5.349615184347739143e-05
9.985948344115780004e-05
8.202743282666532946e-05
9.272666319536081723e-05
9.450986825681006293e-05
9.450986825681006293e-05
9.094345813391157152e-05
1.034258935640562914e-04
6.241217715072362672e-05
8.202743282666532946e-05
1.087755087484040286e-04
8.024422776521608375e-05
8.202743282666532946e-05
7.311140751941910094e-05
5.884576702782512854e-05
9.629307331825930863e-05
8.737704801101308012e-05
1.052090986255055372e-04
5.349615184347739143e-05
8.024422776521608375e-05
8.024422776521608375e-05
8.024422776521608375e-05
9.985948344115780004e-05
9.094345813391157152e-05
6.597858727362211813e-05
9.272666319536081723e-05
7.846102270376683805e-05
9.807627837970855434e-05
9.272666319536081723e-05
9.629307331825930863e-05
8.559384294956383441e-05
7.311140751941910094e-05
8.916025307246232582e-05
7.489461258086834664e-05
7.132820245796985524e-05
8.559384294956383441e-05
1.016426885026070457e-04
8.381063788811457516e-05
8.559384294956383441e-05
8.202743282666532946e-05
8.202743282666532946e-05
6.419538221217287242e-05
8.381063788811457516e-05
7.667781764231759235e-05
9.094345813391157152e-05
8.381063788811457516e-05
9.629307331825930863e-05
9.807627837970855434e-05
8.559384294956383441e-05
9.094345813391157152e-05
9.985948344115780004e-05
8.916025307246232582e-05
8.559384294956383441e-05
7.667781764231759235e-05
8.916025307246232582e-05
9.629307331825930863e-05
8.916025307246232582e-05
7.132820245796985524e-05
9.450986825681006293e-05
7.846102270376683805e-05
9.985948344115780004e-05
9.272666319536081723e-05
8.737704801101308012e-05
7.846102270376683805e-05
7.132820245796985524e-05
8.381063788811457516e-05
5.171294678202814572e-05
7.667781764231759235e-05
6.241217715072362672e-05
8.559384294956383441e-05
8.381063788811457516e-05
8.559384294956383441e-05
9.450986825681006293e-05
9.272666319536081723e-05
8.737704801101308012e-05
7.311140751941910094e-05
8.916025307246232582e-05
5.527935690492663713e-05
1.087755087484040286e-04
8.737704801101308012e-05
8.737704801101308012e-05
7.846102270376683805e-05
8.024422776521608375e-05
8.559384294956383441e-05
8.737704801101308012e-05
7.311140751941910094e-05
8.737704801101308012e-05
7.667781764231759235e-05
4.814653665912965432e-05
9.094345813391157152e-05
8.559384294956383441e-05
6.419538221217287242e-05
6.241217715072362672e-05
7.846102270376683805e-05
7.311140751941910094e-05
9.629307331825930863e-05
8.559384294956383441e-05
7.311140751941910094e-05
8.737704801101308012e-05
7.132820245796985524e-05
8.737704801101308012e-05
8.024422776521608375e-05
8.024422776521608375e-05
8.202743282666532946e-05
8.024422776521608375e-05
8.559384294956383441e-05
8.024422776521608375e-05
6.241217715072362672e-05
6.776179233507136383e-05
7.846102270376683805e-05
9.985948344115780004e-05
7.667781764231759235e-05
8.559384294956383441e-05
9.629307331825930863e-05
7.311140751941910094e-05
7.846102270376683805e-05
6.419538221217287242e-05
5.706256196637588283e-05
9.094345813391157152e-05
8.916025307246232582e-05
8.381063788811457516e-05
7.489461258086834664e-05
9.807627837970855434e-05
8.916025307246232582e-05
6.954499739652060953e-05
6.419538221217287242e-05
8.202743282666532946e-05
8.737704801101308012e-05
6.062897208927438102e-05
8.916025307246232582e-05
9.807627837970855434e-05
7.489461258086834664e-05
1.123419188713025200e-04
6.776179233507136383e-05
6.954499739652060953e-05
8.381063788811457516e-05
6.241217715072362672e-05
8.737704801101308012e-05
8.024422776521608375e-05
6.954499739652060953e-05
8.024422776521608375e-05
6.776179233507136383e-05
6.954499739652060953e-05
7.667781764231759235e-05
8.916025307246232582e-05
9.094345813391157152e-05
9.629307331825930863e-05
7.846102270376683805e-05
7.667781764231759235e-05
9.629307331825930863e-05
8.024422776521608375e-05
9.272666319536081723e-05
8.381063788811457516e-05
1.052090986255055372e-04
9.272666319536081723e-05
9.272666319536081723e-05
7.489461258086834664e-05
7.846102270376683805e-05
7.311140751941910094e-05
7.311140751941910094e-05
8.737704801101308012e-05
7.311140751941910094e-05
7.667781764231759235e-05
6.954499739652060953e-05
6.241217715072362672e-05
8.024422776521608375e-05
8.381063788811457516e-05
8.024422776521608375e-05
7.667781764231759235e-05
8.381063788811457516e-05
8.916025307246232582e-05
8.024422776521608375e-05
7.132820245796985524e-05
8.559384294956383441e-05
5.884576702782512854e-05
6.062897208927438102e-05
8.202743282666532946e-05
7.489461258086834664e-05
9.272666319536081723e-05
8.024422776521608375e-05
8.559384294956383441e-05
7.489461258086834664e-05
7.311140751941910094e-05
8.559384294956383441e-05
8.559384294956383441e-05
9.094345813391157152e-05
8.381063788811457516e-05
7.846102270376683805e-05
7.311140751941910094e-05
7.667781764231759235e-05
6.597858727362211813e-05
8.202743282666532946e-05
7.667781764231759235e-05
7.311140751941910094e-05
6.241217715072362672e-05
8.737704801101308012e-05
7.132820245796985524e-05
7.846102270376683805e-05
8.381063788811457516e-05
8.024422776521608375e-05
6.597858727362211813e-05
2.853128098318794142e-05
7.667781764231759235e-05
6.419538221217287242e-05
7.132820245796985524e-05
7.311140751941910094e-05
7.667781764231759235e-05
7.311140751941910094e-05
8.024422776521608375e-05
7.311140751941910094e-05
6.954499739652060953e-05
8.381063788811457516e-05
5.527935690492663713e-05
9.094345813391157152e-05
7.489461258086834664e-05
6.776179233507136383e-05
7.489461258086834664e-05
8.202743282666532946e-05
7.489461258086834664e-05
8.024422776521608375e-05
7.846102270376683805e-05
6.241217715072362672e-05
6.954499739652060953e-05
6.597858727362211813e-05
7.846102270376683805e-05
4.992974172057890002e-05
6.597858727362211813e-05
7.846102270376683805e-05
7.667781764231759235e-05
8.024422776521608375e-05
7.667781764231759235e-05
1.034258935640562914e-04
8.381063788811457516e-05
7.846102270376683805e-05
8.381063788811457516e-05
7.311140751941910094e-05
8.381063788811457516e-05
8.559384294956383441e-05
8.559384294956383441e-05
8.202743282666532946e-05
6.954499739652060953e-05
6.954499739652060953e-05
8.202743282666532946e-05
7.846102270376683805e-05
7.311140751941910094e-05
7.667781764231759235e-05
6.597858727362211813e-05
7.132820245796985524e-05
6.241217715072362672e-05
7.846102270376683805e-05
6.776179233507136383e-05
7.311140751941910094e-05
7.132820245796985524e-05
6.954499739652060953e-05
6.419538221217287242e-05
8.737704801101308012e-05
7.132820245796985524e-05
7.846102270376683805e-05
6.597858727362211813e-05
7.489461258086834664e-05
8.559384294956383441e-05
8.559384294956383441e-05
8.916025307246232582e-05
8.202743282666532946e-05
7.311140751941910094e-05
8.024422776521608375e-05
7.846102270376683805e-05
8.737704801101308012e-05
7.489461258086834664e-05
8.202743282666532946e-05
7.846102270376683805e-05
6.241217715072362672e-05
4.101371641333266473e-05
1.016426885026070457e-04
8.381063788811457516e-05
7.132820245796985524e-05
6.419538221217287242e-05
9.629307331825930863e-05
6.597858727362211813e-05
6.419538221217287242e-05
5.706256196637588283e-05
8.916025307246232582e-05
7.489461258086834664e-05
8.916025307246232582e-05
8.916025307246232582e-05
7.132820245796985524e-05
8.916025307246232582e-05
8.381063788811457516e-05
6.241217715072362672e-05
6.954499739652060953e-05
7.846102270376683805e-05
8.737704801101308012e-05
1.016426885026070457e-04
5.884576702782512854e-05
7.846102270376683805e-05
6.062897208927438102e-05
6.062897208927438102e-05
4.458012653623116291e-05
7.846102270376683805e-05
7.846102270376683805e-05
7.132820245796985524e-05
7.846102270376683805e-05
5.349615184347739143e-05
8.559384294956383441e-05
5.884576702782512854e-05
6.062897208927438102e-05
7.667781764231759235e-05
6.776179233507136383e-05
6.954499739652060953e-05
7.132820245796985524e-05
5.884576702782512854e-05
7.667781764231759235e-05
5.349615184347739143e-05
7.846102270376683805e-05
4.992974172057890002e-05
6.954499739652060953e-05
5.171294678202814572e-05
6.776179233507136383e-05
8.024422776521608375e-05
5.884576702782512854e-05
7.489461258086834664e-05
4.814653665912965432e-05
6.419538221217287242e-05
7.132820245796985524e-05
6.419538221217287242e-05
7.311140751941910094e-05
6.776179233507136383e-05
7.667781764231759235e-05
8.024422776521608375e-05
6.419538221217287242e-05
6.954499739652060953e-05
7.132820245796985524e-05
5.884576702782512854e-05
7.132820245796985524e-05
8.381063788811457516e-05
7.311140751941910094e-05
6.241217715072362672e-05
7.489461258086834664e-05
8.024422776521608375e-05
5.527935690492663713e-05
6.954499739652060953e-05
7.311140751941910094e-05
7.489461258086834664e-05
8.202743282666532946e-05
8.024422776521608375e-05
7.311140751941910094e-05
6.954499739652060953e-05
8.916025307246232582e-05
7.846102270376683805e-05
0.000000000000000000e+00
7.132820245796985524e-05
6.419538221217287242e-05
7.667781764231759235e-05
6.597858727362211813e-05
6.776179233507136383e-05
6.597858727362211813e-05
6.419538221217287242e-05
7.489461258086834664e-05
6.776179233507136383e-05
6.954499739652060953e-05
7.667781764231759235e-05
7.132820245796985524e-05
6.776179233507136383e-05
6.597858727362211813e-05
6.597858727362211813e-05
6.419538221217287242e-05
5.349615184347739143e-05
4.636333159768040861e-05
6.062897208927438102e-05
7.132820245796985524e-05
7.311140751941910094e-05
6.419538221217287242e-05
6.597858727362211813e-05
8.024422776521608375e-05
7.311140751941910094e-05
7.311140751941910094e-05
7.311140751941910094e-05
5.884576702782512854e-05
7.132820245796985524e-05
8.381063788811457516e-05
7.846102270376683805e-05
6.062897208927438102e-05
6.597858727362211813e-05
5.527935690492663713e-05
6.419538221217287242e-05
6.776179233507136383e-05
8.202743282666532946e-05
6.419538221217287242e-05
5.884576702782512854e-05
6.062897208927438102e-05
6.419538221217287242e-05
6.776179233507136383e-05
5.171294678202814572e-05
8.024422776521608375e-05
8.202743282666532946e-05
5.884576702782512854e-05
6.062897208927438102e-05
6.954499739652060953e-05
7.489461258086834664e-05
7.489461258086834664e-05
5.884576702782512854e-05
6.776179233507136383e-05
7.667781764231759235e-05
7.132820245796985524e-05
5.884576702782512854e-05
6.419538221217287242e-05
7.489461258086834664e-05
7.132820245796985524e-05
5.171294678202814572e-05
5.171294678202814572e-05
7.489461258086834664e-05
5.706256196637588283e-05
6.954499739652060953e-05
6.241217715072362672e-05
5.527935690492663713e-05
6.597858727362211813e-05
6.062897208927438102e-05
7.667781764231759235e-05
6.419538221217287242e-05
6.597858727362211813e-05
5.706256196637588283e-05
6.597858727362211813e-05
9.094345813391157152e-05
6.062897208927438102e-05
6.776179233507136383e-05
6.954499739652060953e-05
7.311140751941910094e-05
5.706256196637588283e-05
6.419538221217287242e-05
4.636333159768040861e-05
5.706256196637588283e-05
6.954499739652060953e-05
6.954499739652060953e-05
6.597858727362211813e-05
7.667781764231759235e-05
5.527935690492663713e-05
6.776179233507136383e-05
7.311140751941910094e-05
6.062897208927438102e-05
5.171294678202814572e-05
6.597858727362211813e-05
7.489461258086834664e-05
5.706256196637588283e-05
5.706256196637588283e-05
6.062897208927438102e-05
6.597858727362211813e-05
4.992974172057890002e-05
6.776179233507136383e-05
8.381063788811457516e-05
4.636333159768040861e-05
6.062897208927438102e-05
7.489461258086834664e-05
6.776179233507136383e-05
6.419538221217287242e-05
7.132820245796985524e-05
6.241217715072362672e-05
5.349615184347739143e-05
5.706256196637588283e-05
8.916025307246232582e-05
6.776179233507136383e-05
5.527935690492663713e-05
5.706256196637588283e-05
5.527935690492663713e-05
7.667781764231759235e-05
5.171294678202814572e-05
5.527935690492663713e-05
7.132820245796985524e-05
4.458012653623116291e-05
5.527935690492663713e-05
7.311140751941910094e-05
6.241217715072362672e-05
6.062897208927438102e-05
6.241217715072362672e-05
6.062897208927438102e-05
8.024422776521608375e-05
6.241217715072362672e-05
6.954499739652060953e-05
7.311140751941910094e-05
6.241217715072362672e-05
4.992974172057890002e-05
6.597858727362211813e-05
5.884576702782512854e-05
5.884576702782512854e-05
7.311140751941910094e-05
8.381063788811457516e-05
4.992974172057890002e-05
5.706256196637588283e-05
4.101371641333266473e-05
8.024422776521608375e-05
5.349615184347739143e-05
6.954499739652060953e-05
5.706256196637588283e-05
7.311140751941910094e-05
5.349615184347739143e-05
6.597858727362211813e-05
5.706256196637588283e-05
6.776179233507136383e-05
4.636333159768040861e-05
5.884576702782512854e-05
6.776179233507136383e-05
4.992974172057890002e-05
4.279692147478191721e-05
5.884576702782512854e-05
5.706256196637588283e-05
6.597858727362211813e-05
2.318166579884020431e-05
6.597858727362211813e-05
4.458012653623116291e-05
6.241217715072362672e-05
5.706256196637588283e-05
8.024422776521608375e-05
6.419538221217287242e-05
5.349615184347739143e-05
6.776179233507136383e-05
5.349615184347739143e-05
8.559384294956383441e-05
6.776179233507136383e-05
6.062897208927438102e-05
5.706256196637588283e-05
7.132820245796985524e-05
4.636333159768040861e-05
3.923051135188341902e-05
4.458012653623116291e-05
5.527935690492663713e-05
3.566410122898492762e-05
4.814653665912965432e-05
5.884576702782512854e-05
5.527935690492663713e-05
6.776179233507136383e-05
6.597858727362211813e-05
6.241217715072362672e-05
4.992974172057890002e-05
5.706256196637588283e-05
6.241217715072362672e-05
6.954499739652060953e-05
4.636333159768040861e-05
3.923051135188341902e-05
6.954499739652060953e-05
6.419538221217287242e-05
4.992974172057890002e-05
4.636333159768040861e-05
8.381063788811457516e-05
7.132820245796985524e-05
6.776179233507136383e-05
5.527935690492663713e-05
5.527935690492663713e-05
6.954499739652060953e-05
5.527935690492663713e-05
4.814653665912965432e-05
5.706256196637588283e-05
5.171294678202814572e-05
6.241217715072362672e-05
8.381063788811457516e-05
6.241217715072362672e-05
5.171294678202814572e-05
6.241217715072362672e-05
3.744730629043417332e-05
