4.540465860964776335e-02
4.648280136349550867e-02
2.350286643941741638e-02
2.686318562132011117e-02
2.431954343559549619e-02
1.674994835244292962e-02
1.665310918293564854e-02
1.548135523189753116e-02
1.471632579279000090e-02
3.273163929346142084e-03
1.102352546224563516e-02
4.264151430637331229e-03
7.417880384257824304e-03
4.373902489412251002e-03
9.545114141101125951e-03
3.880022724925111157e-03
3.444246462142340655e-03
8.098982543125710434e-03
4.147944427228591677e-03
7.333953104018180180e-03
5.765158558000206199e-03
3.925214337361843109e-03
6.972420204524326301e-03
6.630255138931928291e-03
2.537186241090796501e-03
2.243440760252039898e-03
3.302215680198326755e-03
2.023938642702200353e-03
1.781840718933994398e-03
3.560453465551079340e-03
2.843843611197190493e-03
4.612772440863547284e-03
3.560453465551079340e-03
4.841958475364115631e-03
4.286747236855696988e-03
3.925214337361843109e-03
3.928442309678752131e-03
4.383586406362978936e-03
2.327368040491684890e-03
3.114993285817580903e-03
3.725080053713459433e-03
4.109208759425679071e-03
2.182109286230761100e-03
4.038193368453671904e-03
1.626898047722342673e-03
4.105980787108770048e-03
1.730193161863443751e-03
3.002014254725751674e-03
2.046534448920566112e-03
4.841958475364115306e-04
3.531401714698894669e-03
2.524274351823158676e-03
3.095625451916124166e-03
2.834159694246462125e-03
1.120106393967565438e-03
2.559782047309162260e-03
1.236313397376304123e-03
3.227972316909410023e-05
4.841958475364115306e-04
2.637253382914987905e-03
1.349292428468133352e-03
8.360448300795372042e-04
2.369331680611506952e-03
1.184665840305753476e-03
2.385471542196054232e-03
1.743105051131081575e-03
3.056889784113211560e-03
1.333152566883586505e-03
2.149829563061666973e-03
2.114321867575663823e-03
8.683245532486313315e-04
4.616000413180456632e-04
1.207261646524119452e-03
6.197706848466067895e-04
1.807664497469269667e-04
1.510691044313603989e-03
2.847071583514099950e-03
2.708268773886995072e-03
1.413851874806321606e-03
6.972420204524326518e-04
2.220844954033674139e-03
2.972962503873566569e-03
8.005371345935337292e-04
2.353191819026960105e-03
1.701141411011259080e-03
1.013583307509554905e-03
1.462271459559962797e-03
2.056218365871294480e-03
2.146601590744757950e-03
2.892263195950831468e-03
2.030394587336018832e-03
1.187893812622662932e-03
2.069130255138931871e-03
1.094282615432290006e-03
7.876252453258961216e-04
1.549426712116516811e-03
1.484867265778328773e-03
1.601074269187067458e-03
1.691457494060530928e-03
2.220844954033674139e-03
2.646937299865716599e-04
4.067245119305856684e-04
2.308000206590228153e-03
5.455273215576902750e-04
1.239541369693213579e-03
1.588162379919429851e-03
2.136917673794029582e-03
3.873566780291292028e-04
1.794752608201632006e-03
8.392728023964466603e-04
2.808335915711186693e-04
2.127233756843301214e-03
5.132475983885962561e-04
1.220173535791757059e-03
6.391385187480632009e-04
1.174981923355025324e-03
1.675317632475983864e-03
1.423535791757049975e-03
1.417079847123231063e-03
1.320240677615948681e-03
1.536514822848879204e-03
4.486881520504080014e-04
2.056218365871294480e-03
1.468727404193781710e-03
1.049091002995558271e-03
1.468727404193781710e-03
9.425679165375477377e-04
9.457958888544571938e-04
3.518489825431257278e-04
1.752788968081809727e-03
1.491323210412147469e-03
1.552654684433426267e-03
1.655949798574527345e-03
1.233085425059394667e-03
1.013583307509554905e-03
2.517818407189339981e-04
1.646265881623799193e-03
1.907731639293461451e-03
4.745119305856832707e-04
1.549426712116516811e-03
2.117549839892573279e-03
1.781840718933994398e-03
1.530058878215060508e-03
9.554798058051854536e-04
5.810350170436938584e-04
5.842629893606032061e-04
1.643037909306889737e-03
1.678545604792893321e-04
3.098853424233033948e-04
1.142702200185931197e-03
8.715525255655407876e-04
9.102881933684537187e-04
9.490238611713665414e-04
5.293874599731433197e-04
1.265365148228488794e-03
2.776056192542092674e-04
4.938797644871397363e-04
1.533286850531969748e-03
1.523602933581241596e-03
1.155614089453568805e-03
3.938126226629480608e-04
6.326825741142443971e-04
4.583720690011362613e-04
1.752788968081809727e-03
8.425007747133560080e-04
1.081370726164652398e-03
1.200805701890300540e-03
6.391385187480632009e-04
5.067916537547774523e-04
1.223401508108666515e-03
6.714182419171573282e-04
5.648951554591467947e-04
6.004028509451502698e-04
8.521846916640842678e-04
4.002685672967668646e-04
2.840615638880280712e-04
1.872223943807457976e-04
2.582377853527528019e-04
3.066573701063939929e-04
5.100196260716868000e-04
7.166098543538890631e-04
5.907189339944220099e-04
7.424336328891643867e-04
1.155614089453568805e-03
1.252453258960851187e-03
8.876923871500878513e-04
1.197577729573391083e-03
3.292531763247598603e-04
1.226629480425575972e-04
8.360448300795372042e-04
1.391256068587955847e-03
1.291188926763764009e-04
6.907860758186137396e-04
1.052318975312467727e-03
5.261594876562338636e-04
8.392728023964466603e-04
1.145930172502840653e-03
8.069930792273525329e-04
1.358976345418861720e-03
7.262937713046173230e-04
6.811021588678855881e-04
3.453930379093068698e-04
7.521175498398925382e-04
1.139474227869021741e-03
1.381572151637227479e-03
5.003357091209585401e-04
3.938126226629480608e-04
4.712839582687738688e-04
9.070602210515442626e-04
1.559110629067245180e-03
3.647608718107633353e-04
1.384800123954136935e-03
6.746462142340666759e-04
7.908532176428054693e-04
7.456616052060737344e-04
6.423664910649726570e-04
4.583720690011362613e-04
1.678545604792893321e-04
6.972420204524326518e-04
1.336380539200495744e-03
1.081370726164652398e-03
1.384800123954136935e-03
8.715525255655407876e-04
7.133818820369796070e-04
7.456616052060737344e-04
1.113650449333746526e-03
8.166769961780807928e-04
6.585063526495197207e-04
3.712168164445821933e-04
7.069259374031608032e-04
1.010355335192645448e-03
1.204033674207209996e-03
8.263609131288090527e-04
5.745790724098750546e-04
1.326696622249767593e-03
7.198378266707985192e-04
6.455944633818820047e-04
6.940140481355231957e-04
3.744447887614915952e-04
2.969734531556657330e-04
1.074914781530833486e-03
3.873566780291292028e-04
9.619357504390042574e-04
2.162741452329304689e-04
7.876252453258961216e-04
1.149158144819750109e-03
8.876923871500878513e-04
4.454601797334985995e-04
3.550769548600351297e-04
1.116878421650655982e-03
1.010355335192645448e-03
1.520374961264332140e-03
1.362204317735771176e-03
6.100867678958785296e-04
1.255681231277760643e-03
6.552783803326102646e-04
8.425007747133560080e-04
3.809007333953103990e-04
1.068458836897014791e-03
1.249225286643941731e-03
4.164084288813139282e-04
3.647608718107633353e-04
5.390713769238714712e-04
9.038322487346348065e-04
5.616671831422373386e-04
1.110422477016837070e-03
7.036979650862514556e-04
4.971077368040491924e-04
9.554798058051854536e-04
3.002014254725751349e-04
1.129790310918293589e-03
4.551440966842268594e-04
3.486210102262163259e-04
4.519161243673174033e-04
1.307328788348311073e-03
4.551440966842268594e-04
1.003899390558826536e-03
1.136246255552112285e-03
1.036179113727920664e-03
5.681231277760561424e-04
5.519832661915091872e-04
1.439675653341597038e-03
9.522518334882759975e-04
6.778741865509761320e-04
5.939469063113314660e-04
9.587077781220948013e-04
4.712839582687738688e-04
7.585734944737113419e-04
1.204033674207209996e-03
2.582377853527528019e-04
3.647608718107633353e-04
3.453930379093068698e-04
3.518489825431257278e-04
5.810350170436938584e-04
7.682574114244396018e-04
1.613986158454705012e-05
5.842629893606032061e-04
6.068587955789690735e-04
5.487552938745997311e-04
2.905175085218469292e-04
2.776056192542092674e-04
5.584392108253279910e-04
6.907860758186137396e-04
4.938797644871397363e-04
1.074914781530833486e-03
5.584392108253279910e-04
1.071686809213924247e-03
4.099524842474950703e-04
9.683916950728231086e-06
4.680559859518644669e-04
8.715525255655407876e-04
4.260923458320421339e-04
1.710825327961987339e-04
1.026495196777192512e-03
4.293203181489515358e-04
4.293203181489515358e-04
5.681231277760561424e-04
1.074914781530833486e-03
5.455273215576902750e-04
4.841958475364115306e-04
9.070602210515442626e-04
8.166769961780807928e-04
5.003357091209585401e-04
6.746462142340666759e-04
5.261594876562338636e-04
6.197706848466067895e-04
5.778070447267844023e-04
1.484867265778328665e-04
4.616000413180456632e-04
5.067916537547774523e-04
3.583049271769445316e-04
3.292531763247598603e-04
8.166769961780807928e-04
4.777399029025927268e-04
6.004028509451502698e-04
4.971077368040491924e-04
3.357091209585786641e-04
3.712168164445821933e-04
6.133147402127879858e-04
2.937454808387563311e-04
8.747804978824501353e-04
9.909875012911889287e-04
3.938126226629480608e-04
7.101539097200702593e-04
3.227972316909410362e-06
4.454601797334985995e-04
7.585734944737113419e-04
3.712168164445821933e-04
3.389370932754880660e-04
9.651637227559136051e-04
4.325482904658609377e-04
6.520504080157008085e-04
6.843301311847949358e-04
1.355748373101952318e-04
6.359105464311538532e-04
2.582377853527528019e-04
8.844644148331783952e-04
5.778070447267844023e-04
5.681231277760561424e-04
2.743776469372998655e-04
1.355748373101952318e-04
6.391385187480632009e-04
5.519832661915091872e-04
9.813035843404607772e-04
5.390713769238714712e-04
5.810350170436938584e-04
6.940140481355231957e-04
4.486881520504080014e-04
4.841958475364115306e-04
3.260252040078504042e-04
7.618014667906207980e-04
1.271821092862307706e-03
4.131804565644045264e-04
4.196364011982233301e-04
6.778741865509761320e-04
5.326154322900526674e-04
7.747133560582584056e-04
2.195021175498398979e-04
2.905175085218469157e-05
4.583720690011362613e-04
4.034965396136762665e-04
2.808335915711186693e-04
5.197035430224150598e-04
4.293203181489515358e-04
9.554798058051854536e-04
5.584392108253279910e-04
7.876252453258961216e-04
7.553455221568019943e-04
3.453930379093068698e-04
5.584392108253279910e-04
3.776727610784009971e-04
8.425007747133560080e-04
8.360448300795372042e-04
5.874909616775126622e-04
7.908532176428054693e-04
3.712168164445821933e-04
7.940811899597149254e-04
7.973091622766242731e-04
3.550769548600351297e-04
5.067916537547774523e-04
5.681231277760561424e-04
1.678545604792893321e-04
1.613986158454705012e-05
4.938797644871397363e-04
1.807664497469269667e-04
3.550769548600351297e-04
2.130461729160210670e-04
3.098853424233033948e-04
3.841287057122198009e-04
6.197706848466067895e-04
6.229986571635161372e-04
6.165427125296973334e-04
4.906517921702303886e-04
6.843301311847949358e-04
2.969734531556657330e-04
3.227972316909410362e-06
4.551440966842268594e-04
2.001342836483834323e-04
4.712839582687738688e-04
3.679888441276727372e-04
4.454601797334985995e-04
1.872223943807457976e-04
6.455944633818820047e-04
6.100867678958785296e-04
4.196364011982233301e-04
4.841958475364115306e-04
8.489567193471749202e-04
2.646937299865716599e-04
2.711496746203904636e-04
2.098182005991116651e-04
4.390042350996797957e-04
1.162070034087387663e-04
3.163412870571221986e-04
4.874238198533209325e-04
5.713511000929655985e-04
7.940811899597149254e-04
2.743776469372998655e-04
2.808335915711186693e-04
6.391385187480632009e-04
1.291188926763764009e-04
2.259580621836587016e-04
5.132475983885962561e-04
1.097510587749199489e-04
1.517146988947422684e-04
5.229315153393244075e-04
4.357762627827703938e-04
7.876252453258961216e-04
2.420979237682057653e-04
4.293203181489515358e-04
3.227972316909410362e-06
5.584392108253279910e-04
2.550098130358434000e-04
4.390042350996797957e-04
4.002685672967668646e-04
4.260923458320421339e-04
3.131133147402127967e-04
6.520504080157008085e-04
1.969063113314740304e-04
3.227972316909410362e-06
2.195021175498398979e-04
3.647608718107633353e-04
1.517146988947422684e-04
3.066573701063939929e-04
3.615328994938539335e-04
1.323468649932858299e-04
6.811021588678855881e-04
2.679217023034810618e-04
5.390713769238714712e-04
4.486881520504080014e-04
5.519832661915091872e-04
3.841287057122198009e-04
8.715525255655408147e-05
5.584392108253279910e-04
5.584392108253279910e-04
2.808335915711186693e-04
2.291860345005681306e-04
4.034965396136762665e-04
8.392728023964466603e-05
4.906517921702303886e-04
1.194349757256481817e-04
4.745119305856832707e-04
6.617343249664290683e-04
2.550098130358434000e-04
4.712839582687738688e-04
3.357091209585786641e-04
5.713511000929655985e-04
1.646265881623799302e-04
7.230657989877078669e-04
3.131133147402127967e-04
6.875581035017043919e-04
6.681902696002478721e-04
3.227972316909410362e-06
3.744447887614915952e-04
7.198378266707985192e-04
6.681902696002478721e-04
3.066573701063939929e-04
3.098853424233033948e-04
6.746462142340666759e-04
2.679217023034810618e-04
4.196364011982233301e-05
2.776056192542092674e-04
3.131133147402127967e-04
9.683916950728230070e-05
3.227972316909410362e-06
8.134490238611713367e-04
3.841287057122198009e-04
4.067245119305856684e-04
2.291860345005681306e-04
3.098853424233033948e-04
3.873566780291292028e-04
4.002685672967668646e-04
5.164755707055056037e-04
3.195692593740316004e-04
5.390713769238714712e-04
2.227300898667492997e-04
1.872223943807457976e-04
1.839944220638363686e-04
1.162070034087387663e-04
3.583049271769445316e-04
2.195021175498398979e-04
2.001342836483834323e-04
1.226629480425575972e-04
9.813035843404607772e-04
3.744447887614915952e-04
1.936783390145646014e-04
2.517818407189339981e-04
1.936783390145646217e-05
2.065902282822022632e-04
2.905175085218469292e-04
3.389370932754880660e-04
8.715525255655408147e-05
1.807664497469269667e-04
3.583049271769445316e-04
1.710825327961987339e-04
1.710825327961987339e-04
3.066573701063939929e-04
1.517146988947422684e-04
5.713511000929655985e-04
1.258909203594669990e-04
5.197035430224150598e-04
9.361119719037289881e-05
6.100867678958785296e-04
2.905175085218469292e-04
3.195692593740316004e-04
3.712168164445821933e-04
9.683916950728231086e-06
5.100196260716868000e-04
5.326154322900526674e-04
4.099524842474950703e-04
3.938126226629480608e-04
1.226629480425575972e-04
6.004028509451502698e-04
2.776056192542092674e-04
1.872223943807457976e-04
2.582377853527528019e-04
6.778741865509761591e-05
4.357762627827703938e-04
6.423664910649726570e-04
2.582377853527528019e-04
4.809678752195021287e-04
5.003357091209585401e-04
3.615328994938539335e-04
1.291188926763764009e-04
6.100867678958785296e-04
5.390713769238714712e-04
4.712839582687738688e-04
2.227300898667492997e-04
2.840615638880280712e-04
2.905175085218469292e-04
6.197706848466067895e-04
2.453258960851151943e-04
3.357091209585786641e-04
5.229315153393244075e-04
3.518489825431257278e-04
1.129790310918293508e-04
5.842629893606032061e-04
1.000671418241917161e-04
3.163412870571221986e-04
5.067916537547774523e-04
2.517818407189339981e-04
3.615328994938539335e-04
1.872223943807457976e-04
3.679888441276727372e-04
3.615328994938539335e-04
1.194349757256481817e-04
1.291188926763764009e-04
1.194349757256481817e-04
1.291188926763764145e-05
3.324811486416692622e-04
4.293203181489515358e-04
4.357762627827703938e-04
2.356419791343869344e-04
4.131804565644045264e-04
1.194349757256481817e-04
1.807664497469269667e-04
1.775384774300175648e-04
1.839944220638363686e-04
2.130461729160210670e-04
3.324811486416692622e-04
1.613986158454705012e-04
2.388699514512963634e-04
4.938797644871397363e-04
3.679888441276727372e-04
2.776056192542092674e-04
6.811021588678855881e-04
1.452587542609234646e-04
1.355748373101952318e-04
3.453930379093068698e-04
1.969063113314740304e-04
2.065902282822022632e-04
1.097510587749199489e-04
5.164755707055056579e-05
4.067245119305856684e-04
2.743776469372998655e-04
4.616000413180456632e-04
4.260923458320421339e-04
9.038322487346348336e-05
1.646265881623799302e-04
5.842629893606032061e-04
3.002014254725751349e-04
4.067245119305856684e-04
4.002685672967668646e-04
2.162741452329304689e-04
1.517146988947422684e-04
2.872895362049375273e-04
3.679888441276727372e-04
2.937454808387563311e-04
4.874238198533209325e-04
2.033622559652928342e-04
4.551440966842268594e-04
2.743776469372998655e-04
5.164755707055056579e-05
2.743776469372998655e-04
2.453258960851151943e-04
3.873566780291292435e-05
3.260252040078504042e-04
4.228643735151327320e-04
1.775384774300175648e-04
1.936783390145646217e-05
2.485538684020245962e-04
6.455944633818820724e-06
1.355748373101952318e-04
5.132475983885962561e-04
2.453258960851151943e-04
2.195021175498398979e-04
1.581706435285610993e-04
2.905175085218469292e-04
5.487552938745997446e-05
2.001342836483834323e-04
7.101539097200701780e-05
1.291188926763764145e-05
4.648280136349550650e-04
5.487552938745997446e-05
5.067916537547774523e-04
1.549426712116516974e-04
1.484867265778328665e-04
3.098853424233033948e-04
3.647608718107633353e-04
2.065902282822022632e-04
3.873566780291292435e-05
3.550769548600351297e-04
4.293203181489515358e-04
2.388699514512963634e-04
5.132475983885962561e-04
1.775384774300175648e-04
4.777399029025927268e-04
4.131804565644045264e-04
4.648280136349550650e-04
5.326154322900526674e-04
6.778741865509761591e-05
3.131133147402127967e-04
3.260252040078504042e-04
5.197035430224150598e-04
1.613986158454705012e-05
2.969734531556657330e-04
5.487552938745997311e-04
1.129790310918293508e-04
3.389370932754880660e-04
6.423664910649726570e-04
2.582377853527528019e-04
4.422322074165891976e-04
3.938126226629480608e-04
3.389370932754880660e-04
3.098853424233033948e-04
2.098182005991116651e-04
2.776056192542092674e-04
1.839944220638363686e-04
2.195021175498398979e-04
2.291860345005681306e-04
6.133147402127879858e-05
5.745790724098750546e-04
1.936783390145646217e-05
2.162741452329304689e-04
7.940811899597149254e-04
4.357762627827703938e-04
1.291188926763764009e-04
5.939469063113314660e-04
1.969063113314740304e-04
2.550098130358434000e-04
1.388028096271046337e-04
2.098182005991116651e-04
1.839944220638363686e-04
3.841287057122198009e-04
4.616000413180456632e-04
1.549426712116516974e-04
2.679217023034810618e-04
1.775384774300175648e-04
1.549426712116516974e-04
2.453258960851151943e-04
2.453258960851151943e-04
3.292531763247598603e-04
2.453258960851151943e-04
4.293203181489515358e-04
4.196364011982233301e-05
1.549426712116516974e-04
3.163412870571221986e-04
1.936783390145646014e-04
1.452587542609234646e-04
3.227972316909410023e-04
5.487552938745997446e-05
2.743776469372998655e-04
1.839944220638363686e-04
2.259580621836587016e-04
2.130461729160210670e-04
2.227300898667492997e-04
5.745790724098750546e-04
3.227972316909410023e-05
1.517146988947422684e-04
2.840615638880280712e-04
1.065230864580105335e-04
2.259580621836587084e-05
1.517146988947422684e-04
1.420307819440140356e-04
1.807664497469269667e-04
4.067245119305856684e-04
1.226629480425575972e-04
2.453258960851151943e-04
4.228643735151327320e-04
9.683916950728231086e-06
4.131804565644045264e-04
3.486210102262163259e-04
2.324140068174775325e-04
4.390042350996797957e-04
2.065902282822022632e-04
2.905175085218469292e-04
4.228643735151327320e-04
2.388699514512963634e-04
4.067245119305856684e-04
5.810350170436938313e-05
2.227300898667492997e-04
1.872223943807457976e-04
1.323468649932858299e-04
2.130461729160210670e-04
3.421650655923974679e-04
2.098182005991116651e-04
2.517818407189339981e-04
2.679217023034810618e-04
4.712839582687738688e-04
9.038322487346348336e-05
3.227972316909410362e-06
2.905175085218469292e-04
9.361119719037289881e-05
4.519161243673174168e-05
3.131133147402127967e-04
3.389370932754880660e-04
4.486881520504080014e-04
4.680559859518644669e-04
2.130461729160210670e-04
3.615328994938539335e-04
2.872895362049375273e-04
1.323468649932858299e-04
2.453258960851151943e-04
4.519161243673174168e-05
1.936783390145646014e-04
2.614657576696622038e-04
7.101539097200701780e-05
3.098853424233033948e-04
2.420979237682057653e-04
5.390713769238714712e-04
3.421650655923974679e-04
2.582377853527528019e-04
1.226629480425575972e-04
1.581706435285610993e-04
2.905175085218469292e-04
3.066573701063939929e-04
3.292531763247598603e-04
5.487552938745997446e-05
1.775384774300175648e-04
1.194349757256481817e-04
1.710825327961987339e-04
1.839944220638363686e-04
1.388028096271046337e-04
2.872895362049375273e-04
1.291188926763764009e-04
1.936783390145646217e-05
3.615328994938539335e-04
2.259580621836587016e-04
1.775384774300175648e-04
1.581706435285610993e-04
3.389370932754880660e-04
1.097510587749199489e-04
2.388699514512963634e-04
9.361119719037289881e-05
6.455944633818820047e-05
1.549426712116516974e-04
2.291860345005681306e-04
2.582377853527528290e-05
3.227972316909410362e-06
2.162741452329304689e-04
2.453258960851151943e-04
2.356419791343869344e-04
3.227972316909410362e-06
4.196364011982233301e-04
1.646265881623799302e-04
1.549426712116516974e-04
3.066573701063939929e-04
7.424336328891643325e-05
3.227972316909410362e-06
2.162741452329304689e-04
2.001342836483834323e-04
9.361119719037289881e-05
6.649622972833385244e-04
2.646937299865716599e-04
2.227300898667492997e-04
2.517818407189339981e-04
1.549426712116516974e-04
1.452587542609234646e-04
2.905175085218469157e-05
3.292531763247598603e-04
2.291860345005681306e-04
2.840615638880280712e-04
2.162741452329304689e-04
3.486210102262163259e-04
2.872895362049375273e-04
1.097510587749199489e-04
2.776056192542092674e-04
2.162741452329304689e-04
2.614657576696622038e-04
2.808335915711186693e-04
2.550098130358434000e-04
3.453930379093068698e-04
1.581706435285610993e-04
1.291188926763764145e-05
1.969063113314740304e-04
2.743776469372998655e-04
1.839944220638363686e-04
1.646265881623799302e-04
1.097510587749199489e-04
2.517818407189339981e-04
1.323468649932858299e-04
1.291188926763764009e-04
3.905846503460386589e-04
3.002014254725751349e-04
2.162741452329304689e-04
2.130461729160210670e-04
3.066573701063939929e-04
4.519161243673174168e-05
3.421650655923974679e-04
7.101539097200701780e-05
1.775384774300175648e-04
8.392728023964466603e-05
2.356419791343869344e-04
1.226629480425575972e-04
1.355748373101952318e-04
5.487552938745997446e-05
1.129790310918293508e-04
1.323468649932858299e-04
3.324811486416692622e-04
1.000671418241917161e-04
2.001342836483834323e-04
6.455944633818820724e-06
2.614657576696622038e-04
2.227300898667492997e-04
3.227972316909410362e-06
2.872895362049375273e-04
1.839944220638363686e-04
1.388028096271046337e-04
1.162070034087387663e-04
2.259580621836587016e-04
1.839944220638363686e-04
3.421650655923974679e-04
7.747133560582584869e-05
4.196364011982233301e-05
2.195021175498398979e-04
1.904503666976551995e-04
2.291860345005681306e-04
9.038322487346348336e-05
4.841958475364115035e-05
1.452587542609234646e-04
1.678545604792893321e-04
6.778741865509761591e-05
1.969063113314740304e-04
2.259580621836587084e-05
2.517818407189339981e-04
8.392728023964466603e-05
6.455944633818820047e-05
3.163412870571221986e-04
3.227972316909410362e-06
2.033622559652928342e-04
2.162741452329304689e-04
7.747133560582584869e-05
2.905175085218469157e-05
2.872895362049375273e-04
2.291860345005681306e-04
1.355748373101952318e-04
1.646265881623799302e-04
1.904503666976551995e-04
1.226629480425575972e-04
1.872223943807457976e-04
3.227972316909410362e-06
2.195021175498398979e-04
5.487552938745997446e-05
1.388028096271046337e-04
2.517818407189339981e-04
1.613986158454705012e-04
1.194349757256481817e-04
5.487552938745997446e-05
2.808335915711186693e-04
1.613986158454705012e-04
5.842629893606032061e-04
2.227300898667492997e-04
3.453930379093068698e-04
3.518489825431257278e-04
3.227972316909410362e-06
3.647608718107633353e-04
3.227972316909410023e-05
8.715525255655408147e-05
4.874238198533209325e-04
3.647608718107633353e-04
3.131133147402127967e-04
5.810350170436938313e-05
9.683916950728231086e-06
1.710825327961987339e-04
1.226629480425575972e-04
2.065902282822022632e-04
1.065230864580105335e-04
1.291188926763764145e-05
1.613986158454705012e-05
1.517146988947422684e-04
2.646937299865716599e-04
3.227972316909410362e-06
3.550769548600351297e-04
1.936783390145646217e-05
3.550769548600350890e-05
3.066573701063939929e-04
5.487552938745997311e-04
1.323468649932858299e-04
3.647608718107633353e-04
1.613986158454705012e-04
3.550769548600350890e-05
1.549426712116516974e-04
2.291860345005681306e-04
1.904503666976551995e-04
1.162070034087387663e-04
6.778741865509761591e-05
1.839944220638363686e-04
1.032951141411011316e-04
9.683916950728231086e-06
1.839944220638363686e-04
1.710825327961987339e-04
4.196364011982233301e-05
2.098182005991116651e-04
1.323468649932858299e-04
3.034293977894845368e-04
5.810350170436938313e-05
1.452587542609234646e-04
3.938126226629480608e-04
9.361119719037289881e-05
2.776056192542092674e-04
8.715525255655408147e-05
1.032951141411011316e-04
2.291860345005681306e-04
2.905175085218469157e-05
7.747133560582584869e-05
1.710825327961987339e-04
2.485538684020245962e-04
8.715525255655408147e-05
2.259580621836587084e-05
3.227972316909410362e-06
2.517818407189339981e-04
1.129790310918293508e-04
6.778741865509761591e-05
2.453258960851151943e-04
2.259580621836587016e-04
1.775384774300175648e-04
1.226629480425575972e-04
2.162741452329304689e-04
4.519161243673174168e-05
5.487552938745997446e-05
2.130461729160210670e-04
1.743105051131081629e-04
1.032951141411011316e-04
2.969734531556657330e-04
3.227972316909410362e-06
3.292531763247598603e-04
2.840615638880280712e-04
1.807664497469269667e-04
3.002014254725751349e-04
2.646937299865716599e-04
7.747133560582584869e-05
1.743105051131081629e-04
3.550769548600351297e-04
2.033622559652928342e-04
2.517818407189339981e-04
5.810350170436938313e-05
8.715525255655408147e-05
3.809007333953103990e-04
2.130461729160210670e-04
1.032951141411011316e-04
2.291860345005681306e-04
1.291188926763764009e-04
1.420307819440140356e-04
2.291860345005681306e-04
3.227972316909410362e-06
2.130461729160210670e-04
1.613986158454705012e-05
1.646265881623799302e-04
2.356419791343869344e-04
9.683916950728230070e-05
1.388028096271046337e-04
6.455944633818820724e-06
1.517146988947422684e-04
2.614657576696622038e-04
7.747133560582584869e-05
2.098182005991116651e-04
5.810350170436938313e-05
1.613986158454705012e-04
1.129790310918293508e-04
2.291860345005681306e-04
1.646265881623799302e-04
4.067245119305856684e-04
9.683916950728231086e-06
1.936783390145646217e-05
4.390042350996797957e-04
6.455944633818820724e-06
1.549426712116516974e-04
2.743776469372998655e-04
8.715525255655408147e-05
1.388028096271046337e-04
3.776727610784009971e-04
2.130461729160210670e-04
2.937454808387563311e-04
2.065902282822022632e-04
5.487552938745997446e-05
6.455944633818820047e-05
3.357091209585786641e-04
1.646265881623799302e-04
1.162070034087387663e-04
2.872895362049375273e-04
2.485538684020245962e-04
2.162741452329304689e-04
1.872223943807457976e-04
1.969063113314740304e-04
3.163412870571221986e-04
1.549426712116516974e-04
6.455944633818820724e-06
3.227972316909410362e-06
3.873566780291292435e-05
1.129790310918293508e-04
2.969734531556657330e-04
3.550769548600350890e-05
1.452587542609234646e-04
3.227972316909410362e-06
1.613986158454705012e-04
1.452587542609234646e-04
3.679888441276727372e-04
5.487552938745997446e-05
3.002014254725751349e-04
1.032951141411011316e-04
4.841958475364115035e-05
1.549426712116516974e-04
1.613986158454705012e-04
2.453258960851151943e-04
1.226629480425575972e-04
3.518489825431257278e-04
1.129790310918293508e-04
1.065230864580105335e-04
2.679217023034810618e-04
3.905846503460386589e-04
1.129790310918293508e-04
8.715525255655408147e-05
2.517818407189339981e-04
6.455944633818820724e-06
1.807664497469269667e-04
3.227972316909410023e-05
2.259580621836587016e-04
1.904503666976551995e-04
7.747133560582584869e-05
2.905175085218469157e-05
3.873566780291292435e-05
1.226629480425575972e-04
2.259580621836587016e-04
1.807664497469269667e-04
2.259580621836587084e-05
1.775384774300175648e-04
7.424336328891643325e-05
1.936783390145646217e-05
1.613986158454705012e-04
9.683916950728230070e-05
1.678545604792893321e-04
1.872223943807457976e-04
5.164755707055056579e-05
2.905175085218469292e-04
9.683916950728231086e-06
1.517146988947422684e-04
3.227972316909410362e-06
1.388028096271046337e-04
1.646265881623799302e-04
2.582377853527528290e-05
9.038322487346348336e-05
2.743776469372998655e-04
8.069930792273525058e-05
1.355748373101952318e-04
1.388028096271046337e-04
1.484867265778328665e-04
1.678545604792893321e-04
2.098182005991116651e-04
2.130461729160210670e-04
3.163412870571221986e-04
2.162741452329304689e-04
3.873566780291292435e-05
2.582377853527528019e-04
1.678545604792893321e-04
5.487552938745997446e-05
1.710825327961987339e-04
3.227972316909410362e-06
2.001342836483834323e-04
1.420307819440140356e-04
3.002014254725751349e-04
5.810350170436938313e-05
2.065902282822022632e-04
1.291188926763764009e-04
3.163412870571221986e-04
9.038322487346348336e-05
2.162741452329304689e-04
1.258909203594669990e-04
3.905846503460386589e-04
9.361119719037289881e-05
1.194349757256481817e-04
2.065902282822022632e-04
1.904503666976551995e-04
1.000671418241917161e-04
2.582377853527528290e-05
2.808335915711186693e-04
1.388028096271046337e-04
1.388028096271046337e-04
5.810350170436938313e-05
2.291860345005681306e-04
1.420307819440140356e-04
2.743776469372998655e-04
3.227972316909410023e-05
2.905175085218469157e-05
4.519161243673174168e-05
9.683916950728230070e-05
2.388699514512963634e-04
3.034293977894845368e-04
2.130461729160210670e-04
3.227972316909410362e-06
1.323468649932858299e-04
8.715525255655408147e-05
1.517146988947422684e-04
2.905175085218469157e-05
1.420307819440140356e-04
8.069930792273525058e-05
1.065230864580105335e-04
1.258909203594669990e-04
9.038322487346348336e-05
1.710825327961987339e-04
1.258909203594669990e-04
9.361119719037289881e-05
7.101539097200701780e-05
3.002014254725751349e-04
2.646937299865716599e-04
2.195021175498398979e-04
1.226629480425575972e-04
1.936783390145646014e-04
2.743776469372998655e-04
1.323468649932858299e-04
9.038322487346348336e-05
1.581706435285610993e-04
2.195021175498398979e-04
9.038322487346348336e-05
6.455944633818820724e-06
2.130461729160210670e-04
3.227972316909410362e-06
1.484867265778328665e-04
8.392728023964466603e-05
1.162070034087387663e-04
2.259580621836587016e-04
4.519161243673174168e-05
1.323468649932858299e-04
1.291188926763764009e-04
8.392728023964466603e-05
1.000671418241917161e-04
5.164755707055056579e-05
8.715525255655408147e-05
4.196364011982233301e-05
3.227972316909410362e-06
9.038322487346348336e-05
6.778741865509761591e-05
2.485538684020245962e-04
4.519161243673174168e-05
2.291860345005681306e-04
2.646937299865716599e-04
6.455944633818820047e-05
1.839944220638363686e-04
1.323468649932858299e-04
3.227972316909410362e-06
2.195021175498398979e-04
1.936783390145646217e-05
9.683916950728231086e-06
6.778741865509761591e-05
1.646265881623799302e-04
1.484867265778328665e-04
4.841958475364115035e-05
4.841958475364115035e-05
1.872223943807457976e-04
1.936783390145646217e-05
6.133147402127879858e-05
1.936783390145646014e-04
3.873566780291292435e-05
1.549426712116516974e-04
1.129790310918293508e-04
1.355748373101952318e-04
1.291188926763764145e-05
1.872223943807457976e-04
3.873566780291292435e-05
1.097510587749199489e-04
1.969063113314740304e-04
4.519161243673174168e-05
1.872223943807457976e-04
2.905175085218469157e-05
3.227972316909410023e-05
3.550769548600350890e-05
1.936783390145646014e-04
1.097510587749199489e-04
2.743776469372998655e-04
1.743105051131081629e-04
2.420979237682057653e-04
1.549426712116516974e-04
1.904503666976551995e-04
8.392728023964466603e-05
3.227972316909410362e-06
1.226629480425575972e-04
9.038322487346348336e-05
3.227972316909410362e-06
9.683916950728230070e-05
1.420307819440140356e-04
1.613986158454705012e-04
3.227972316909410362e-06
2.582377853527528290e-05
2.905175085218469157e-05
2.711496746203904636e-04
1.936783390145646217e-05
1.291188926763764009e-04
1.355748373101952318e-04
6.455944633818820724e-06
2.130461729160210670e-04
3.066573701063939929e-04
9.038322487346348336e-05
1.678545604792893321e-04
1.162070034087387663e-04
9.038322487346348336e-05
1.678545604792893321e-04
3.550769548600350890e-05
1.710825327961987339e-04
1.000671418241917161e-04
1.000671418241917161e-04
1.613986158454705012e-05
1.581706435285610993e-04
1.097510587749199489e-04
9.683916950728231086e-06
5.164755707055056579e-05
1.129790310918293508e-04
3.227972316909410023e-05
2.420979237682057653e-04
2.162741452329304689e-04
1.452587542609234646e-04
2.259580621836587084e-05
1.807664497469269667e-04
3.227972316909410362e-06
2.388699514512963634e-04
2.485538684020245962e-04
9.038322487346348336e-05
2.195021175498398979e-04
2.324140068174775325e-04
4.519161243673174168e-05
1.549426712116516974e-04
8.392728023964466603e-05
8.392728023964466603e-05
2.905175085218469157e-05
9.038322487346348336e-05
1.258909203594669990e-04
7.101539097200701780e-05
1.678545604792893321e-04
1.000671418241917161e-04
6.455944633818820047e-05
1.452587542609234646e-04
2.065902282822022632e-04
2.517818407189339981e-04
1.291188926763764009e-04
5.810350170436938313e-05
2.259580621836587016e-04
2.905175085218469157e-05
1.613986158454705012e-04
1.355748373101952318e-04
4.196364011982233301e-05
1.678545604792893321e-04
1.065230864580105335e-04
2.776056192542092674e-04
2.614657576696622038e-04
8.392728023964466603e-05
3.227972316909410362e-06
4.196364011982233301e-05
9.361119719037289881e-05
5.810350170436938313e-05
1.065230864580105335e-04
2.905175085218469157e-05
5.487552938745997446e-05
8.392728023964466603e-05
1.032951141411011316e-04
9.361119719037289881e-05
1.646265881623799302e-04
1.517146988947422684e-04
4.841958475364115035e-05
1.323468649932858299e-04
4.519161243673174168e-05
2.905175085218469157e-05
1.000671418241917161e-04
4.841958475364115035e-05
1.678545604792893321e-04
7.424336328891643325e-05
1.355748373101952318e-04
5.810350170436938313e-05
3.227972316909410362e-06
1.613986158454705012e-05
5.487552938745997446e-05
1.420307819440140356e-04
8.392728023964466603e-05
8.069930792273525058e-05
3.227972316909410362e-06
3.227972316909410362e-06
7.101539097200701780e-05
1.581706435285610993e-04
1.452587542609234646e-04
1.097510587749199489e-04
1.613986158454705012e-04
1.000671418241917161e-04
2.517818407189339981e-04
2.905175085218469157e-05
9.038322487346348336e-05
1.452587542609234646e-04
1.000671418241917161e-04
3.873566780291292435e-05
2.130461729160210670e-04
1.129790310918293508e-04
8.715525255655408147e-05
9.683916950728230070e-05
1.291188926763764145e-05
7.101539097200701780e-05
1.710825327961987339e-04
6.455944633818820047e-05
1.291188926763764145e-05
1.291188926763764009e-04
1.613986158454705012e-04
8.392728023964466603e-05
4.841958475364115035e-05
3.583049271769445316e-04
2.905175085218469157e-05
1.097510587749199489e-04
9.038322487346348336e-05
1.613986158454705012e-05
2.195021175498398979e-04
2.582377853527528019e-04
4.196364011982233301e-05
2.130461729160210670e-04
2.453258960851151943e-04
4.519161243673174168e-05
2.356419791343869344e-04
1.065230864580105335e-04
7.101539097200701780e-05
3.227972316909410362e-06
1.388028096271046337e-04
3.227972316909410362e-06
1.452587542609234646e-04
2.711496746203904636e-04
1.420307819440140356e-04
8.392728023964466603e-05
6.778741865509761591e-05
5.487552938745997446e-05
1.613986158454705012e-05
8.715525255655408147e-05
1.097510587749199489e-04
2.162741452329304689e-04
1.452587542609234646e-04
6.133147402127879858e-05
2.582377853527528290e-05
4.196364011982233301e-05
6.133147402127879858e-05
2.905175085218469157e-05
1.678545604792893321e-04
3.227972316909410362e-06
6.778741865509761591e-05
1.162070034087387663e-04
5.487552938745997446e-05
1.000671418241917161e-04
1.936783390145646217e-05
2.420979237682057653e-04
2.582377853527528290e-05
3.453930379093068698e-04
7.424336328891643325e-05
3.227972316909410362e-06
2.227300898667492997e-04
5.810350170436938313e-05
1.743105051131081629e-04
1.226629480425575972e-04
4.519161243673174168e-05
6.778741865509761591e-05
1.355748373101952318e-04
5.810350170436938313e-05
1.839944220638363686e-04
4.196364011982233301e-05
1.065230864580105335e-04
9.361119719037289881e-05
3.550769548600350890e-05
3.227972316909410023e-05
1.807664497469269667e-04
4.196364011982233301e-05
3.873566780291292435e-05
1.194349757256481817e-04
5.487552938745997446e-05
7.424336328891643325e-05
3.227972316909410362e-06
1.291188926763764145e-05
6.455944633818820724e-06
1.549426712116516974e-04
1.355748373101952318e-04
9.038322487346348336e-05
1.420307819440140356e-04
1.162070034087387663e-04
1.613986158454705012e-04
2.905175085218469157e-05
2.162741452329304689e-04
1.743105051131081629e-04
1.775384774300175648e-04
4.841958475364115035e-05
1.420307819440140356e-04
7.424336328891643325e-05
2.259580621836587084e-05
3.550769548600350890e-05
1.194349757256481817e-04
9.683916950728231086e-06
7.747133560582584869e-05
3.227972316909410362e-06
1.065230864580105335e-04
7.101539097200701780e-05
1.581706435285610993e-04
2.130461729160210670e-04
6.455944633818820724e-06
7.747133560582584869e-05
8.392728023964466603e-05
1.388028096271046337e-04
1.484867265778328665e-04
1.678545604792893321e-04
1.613986158454705012e-05
1.549426712116516974e-04
2.582377853527528290e-05
8.392728023964466603e-05
3.227972316909410362e-06
1.323468649932858299e-04
3.873566780291292435e-05
8.715525255655408147e-05
3.066573701063939929e-04
1.032951141411011316e-04
1.613986158454705012e-04
4.841958475364115035e-05
1.097510587749199489e-04
5.164755707055056579e-05
2.679217023034810618e-04
1.065230864580105335e-04
1.388028096271046337e-04
2.259580621836587084e-05
1.484867265778328665e-04
1.129790310918293508e-04
1.065230864580105335e-04
1.484867265778328665e-04
3.227972316909410362e-06
2.614657576696622038e-04
2.259580621836587084e-05
9.683916950728230070e-05
2.065902282822022632e-04
5.164755707055056579e-05
2.291860345005681306e-04
8.392728023964466603e-05
4.841958475364115035e-05
8.392728023964466603e-05
8.392728023964466603e-05
1.291188926763764145e-05
1.710825327961987339e-04
2.195021175498398979e-04
7.101539097200701780e-05
1.872223943807457976e-04
5.164755707055056579e-05
5.164755707055056579e-05
4.841958475364115035e-05
1.678545604792893321e-04
1.807664497469269667e-04
6.455944633818820724e-06
1.323468649932858299e-04
2.259580621836587084e-05
6.455944633818820724e-06
9.683916950728231086e-06
1.936783390145646217e-05
9.038322487346348336e-05
1.936783390145646217e-05
6.133147402127879858e-05
1.678545604792893321e-04
9.361119719037289881e-05
9.683916950728230070e-05
9.683916950728230070e-05
1.420307819440140356e-04
3.227972316909410023e-05
3.873566780291292435e-05
6.455944633818820047e-05
1.194349757256481817e-04
3.873566780291292435e-05
2.905175085218469157e-05
1.936783390145646217e-05
2.905175085218469157e-05
1.613986158454705012e-04
9.683916950728231086e-06
3.550769548600350890e-05
1.291188926763764145e-05
7.101539097200701780e-05
3.873566780291292435e-05
2.130461729160210670e-04
6.455944633818820047e-05
6.455944633818820724e-06
9.683916950728230070e-05
4.196364011982233301e-05
1.904503666976551995e-04
6.455944633818820724e-06
2.162741452329304689e-04
2.356419791343869344e-04
2.291860345005681306e-04
7.747133560582584869e-05
1.097510587749199489e-04
8.069930792273525058e-05
2.033622559652928342e-04
1.226629480425575972e-04
6.455944633818820724e-06
1.194349757256481817e-04
6.455944633818820724e-06
9.361119719037289881e-05
1.581706435285610993e-04
3.227972316909410023e-05
9.361119719037289881e-05
3.227972316909410362e-06
1.355748373101952318e-04
1.258909203594669990e-04
9.038322487346348336e-05
6.455944633818820724e-06
5.810350170436938313e-05
9.683916950728231086e-06
3.227972316909410023e-05
1.549426712116516974e-04
6.133147402127879858e-05
3.227972316909410362e-06
2.582377853527528290e-05
9.683916950728230070e-05
1.129790310918293508e-04
2.291860345005681306e-04
3.873566780291292435e-05
1.097510587749199489e-04
3.550769548600350890e-05
6.455944633818820047e-05
2.098182005991116651e-04
1.517146988947422684e-04
1.517146988947422684e-04
5.810350170436938313e-05
2.905175085218469157e-05
1.420307819440140356e-04
1.839944220638363686e-04
1.291188926763764009e-04
4.196364011982233301e-05
7.424336328891643325e-05
1.613986158454705012e-05
1.613986158454705012e-04
2.905175085218469157e-05
6.455944633818820724e-06
1.710825327961987339e-04
3.227972316909410362e-06
4.196364011982233301e-05
1.646265881623799302e-04
1.291188926763764145e-05
1.613986158454705012e-05
8.715525255655408147e-05
3.550769548600350890e-05
1.452587542609234646e-04
2.905175085218469157e-05
7.424336328891643325e-05
9.683916950728230070e-05
1.129790310918293508e-04
5.810350170436938313e-05
1.032951141411011316e-04
2.453258960851151943e-04
5.487552938745997446e-05
2.905175085218469157e-05
1.549426712116516974e-04
1.452587542609234646e-04
4.196364011982233301e-05
3.873566780291292435e-05
1.936783390145646014e-04
1.162070034087387663e-04
2.776056192542092674e-04
1.420307819440140356e-04
7.747133560582584869e-05
8.392728023964466603e-05
7.424336328891643325e-05
5.810350170436938313e-05
3.227972316909410362e-06
1.613986158454705012e-05
3.227972316909410362e-06
6.133147402127879858e-05
7.747133560582584869e-05
6.778741865509761591e-05
5.810350170436938313e-05
3.227972316909410362e-06
8.069930792273525058e-05
9.038322487346348336e-05
5.810350170436938313e-05
1.194349757256481817e-04
2.646937299865716599e-04
3.227972316909410362e-06
1.839944220638363686e-04
2.582377853527528290e-05
4.196364011982233301e-05
4.196364011982233301e-05
9.361119719037289881e-05
1.936783390145646014e-04
7.101539097200701780e-05
1.291188926763764145e-05
4.196364011982233301e-05
1.388028096271046337e-04
3.227972316909410362e-06
1.097510587749199489e-04
9.683916950728231086e-06
6.455944633818820047e-05
4.196364011982233301e-05
1.646265881623799302e-04
1.549426712116516974e-04
8.715525255655408147e-05
9.683916950728230070e-05
9.683916950728231086e-06
1.291188926763764145e-05
1.517146988947422684e-04
2.033622559652928342e-04
1.549426712116516974e-04
1.775384774300175648e-04
3.873566780291292435e-05
3.550769548600350890e-05
1.613986158454705012e-05
1.258909203594669990e-04
1.872223943807457976e-04
5.164755707055056579e-05
2.582377853527528290e-05
5.810350170436938313e-05
1.129790310918293508e-04
6.778741865509761591e-05
6.778741865509761591e-05
4.196364011982233301e-05
2.517818407189339981e-04
5.810350170436938313e-05
6.133147402127879858e-05
5.487552938745997446e-05
2.582377853527528290e-05
2.905175085218469157e-05
3.227972316909410023e-05
7.101539097200701780e-05
6.455944633818820047e-05
3.227972316909410362e-06
1.839944220638363686e-04
6.133147402127879858e-05
3.227972316909410362e-06
7.101539097200701780e-05
6.133147402127879858e-05
3.227972316909410023e-05
3.873566780291292435e-05
9.683916950728231086e-06
3.873566780291292435e-05
5.810350170436938313e-05
7.101539097200701780e-05
1.388028096271046337e-04
1.710825327961987339e-04
1.613986158454705012e-05
3.550769548600350890e-05
9.038322487346348336e-05
7.424336328891643325e-05
1.097510587749199489e-04
6.778741865509761591e-05
2.065902282822022632e-04
5.164755707055056579e-05
1.032951141411011316e-04
1.323468649932858299e-04
7.101539097200701780e-05
2.905175085218469157e-05
1.936783390145646217e-05
3.873566780291292435e-05
1.613986158454705012e-05
2.453258960851151943e-04
1.323468649932858299e-04
7.424336328891643325e-05
3.227972316909410362e-06
6.455944633818820724e-06
9.683916950728230070e-05
9.683916950728231086e-06
1.194349757256481817e-04
1.936783390145646014e-04
3.550769548600350890e-05
4.841958475364115035e-05
1.613986158454705012e-05
7.101539097200701780e-05
1.323468649932858299e-04
7.101539097200701780e-05
3.550769548600350890e-05
6.133147402127879858e-05
3.227972316909410362e-06
2.259580621836587084e-05
3.227972316909410362e-06
7.101539097200701780e-05
1.097510587749199489e-04
1.323468649932858299e-04
1.581706435285610993e-04
2.388699514512963634e-04
1.129790310918293508e-04
4.841958475364115035e-05
1.194349757256481817e-04
1.291188926763764009e-04
5.487552938745997446e-05
1.872223943807457976e-04
6.455944633818820724e-06
2.259580621836587084e-05
1.904503666976551995e-04
3.227972316909410023e-05
1.000671418241917161e-04
1.904503666976551995e-04
8.715525255655408147e-05
3.227972316909410362e-06
1.936783390145646217e-05
4.196364011982233301e-05
9.683916950728230070e-05
1.258909203594669990e-04
3.227972316909410362e-06
5.810350170436938313e-05
6.455944633818820724e-06
2.905175085218469157e-05
2.582377853527528290e-05
6.455944633818820724e-06
4.519161243673174168e-05
1.129790310918293508e-04
6.455944633818820047e-05
1.581706435285610993e-04
1.581706435285610993e-04
1.517146988947422684e-04
9.683916950728231086e-06
1.129790310918293508e-04
6.455944633818820724e-06
1.549426712116516974e-04
9.683916950728230070e-05
5.810350170436938313e-05
8.715525255655408147e-05
1.291188926763764145e-05
6.133147402127879858e-05
4.196364011982233301e-05
2.905175085218469157e-05
1.613986158454705012e-05
6.778741865509761591e-05
1.613986158454705012e-04
9.683916950728231086e-06
6.133147402127879858e-05
3.873566780291292435e-05
2.905175085218469157e-05
1.613986158454705012e-05
4.519161243673174168e-05
1.291188926763764145e-05
5.810350170436938313e-05
1.032951141411011316e-04
9.361119719037289881e-05
3.550769548600350890e-05
1.355748373101952318e-04
2.130461729160210670e-04
6.455944633818820724e-06
1.226629480425575972e-04
6.455944633818820047e-05
9.683916950728230070e-05
4.196364011982233301e-05
7.747133560582584869e-05
1.936783390145646014e-04
1.194349757256481817e-04
1.743105051131081629e-04
6.455944633818820724e-06
1.129790310918293508e-04
1.743105051131081629e-04
6.133147402127879858e-05
1.936783390145646217e-05
5.487552938745997446e-05
6.133147402127879858e-05
3.227972316909410362e-06
1.323468649932858299e-04
8.392728023964466603e-05
1.484867265778328665e-04
2.259580621836587084e-05
2.259580621836587016e-04
8.392728023964466603e-05
1.678545604792893321e-04
6.455944633818820724e-06
3.873566780291292435e-05
1.129790310918293508e-04
3.873566780291292435e-05
8.715525255655408147e-05
2.259580621836587084e-05
2.905175085218469157e-05
2.098182005991116651e-04
6.778741865509761591e-05
3.550769548600350890e-05
3.227972316909410362e-06
1.000671418241917161e-04
6.133147402127879858e-05
2.259580621836587084e-05
1.517146988947422684e-04
3.873566780291292435e-05
1.936783390145646217e-05
5.164755707055056579e-05
2.259580621836587084e-05
1.323468649932858299e-04
7.424336328891643325e-05
5.487552938745997446e-05
6.778741865509761591e-05
6.455944633818820047e-05
4.841958475364115035e-05
1.291188926763764009e-04
1.226629480425575972e-04
8.392728023964466603e-05
4.841958475364115035e-05
7.747133560582584869e-05
3.873566780291292435e-05
6.133147402127879858e-05
5.810350170436938313e-05
1.936783390145646217e-05
1.775384774300175648e-04
1.775384774300175648e-04
1.226629480425575972e-04
1.775384774300175648e-04
1.032951141411011316e-04
1.097510587749199489e-04
6.778741865509761591e-05
1.613986158454705012e-05
7.101539097200701780e-05
2.582377853527528290e-05
2.582377853527528290e-05
1.581706435285610993e-04
3.227972316909410362e-06
3.227972316909410023e-05
2.905175085218469157e-05
6.133147402127879858e-05
9.361119719037289881e-05
1.936783390145646217e-05
2.905175085218469157e-05
9.361119719037289881e-05
7.101539097200701780e-05
6.455944633818820047e-05
2.582377853527528290e-05
1.323468649932858299e-04
9.683916950728231086e-06
2.582377853527528290e-05
5.487552938745997446e-05
1.775384774300175648e-04
8.392728023964466603e-05
3.550769548600350890e-05
6.455944633818820047e-05
5.164755707055056579e-05
8.715525255655408147e-05
1.355748373101952318e-04
9.038322487346348336e-05
1.258909203594669990e-04
1.581706435285610993e-04
3.227972316909410362e-06
1.613986158454705012e-05
2.259580621836587084e-05
1.452587542609234646e-04
7.424336328891643325e-05
6.455944633818820047e-05
3.227972316909410362e-06
9.038322487346348336e-05
1.323468649932858299e-04
2.582377853527528290e-05
3.227972316909410362e-06
8.392728023964466603e-05
3.227972316909410023e-05
8.069930792273525058e-05
1.355748373101952318e-04
9.683916950728231086e-06
1.000671418241917161e-04
1.678545604792893321e-04
3.227972316909410362e-06
3.550769548600350890e-05
9.683916950728231086e-06
3.227972316909410023e-05
1.291188926763764009e-04
8.715525255655408147e-05
3.227972316909410362e-06
3.227972316909410362e-06
3.227972316909410362e-06
1.323468649932858299e-04
3.227972316909410023e-05
1.323468649932858299e-04
4.196364011982233301e-05
1.710825327961987339e-04
9.683916950728230070e-05
1.291188926763764145e-05
2.259580621836587084e-05
3.227972316909410023e-05
1.775384774300175648e-04
9.038322487346348336e-05
6.455944633818820047e-05
1.581706435285610993e-04
3.227972316909410023e-05
5.487552938745997446e-05
4.841958475364115035e-05
3.227972316909410362e-06
1.226629480425575972e-04
3.227972316909410362e-06
3.227972316909410362e-06
9.038322487346348336e-05
4.196364011982233301e-05
1.129790310918293508e-04
2.905175085218469157e-05
3.227972316909410362e-06
1.000671418241917161e-04
7.424336328891643325e-05
1.162070034087387663e-04
3.550769548600350890e-05
9.361119719037289881e-05
1.936783390145646217e-05
4.519161243673174168e-05
1.000671418241917161e-04
8.069930792273525058e-05
1.065230864580105335e-04
1.388028096271046337e-04
3.227972316909410362e-06
1.613986158454705012e-04
1.162070034087387663e-04
9.683916950728231086e-06
9.683916950728231086e-06
5.487552938745997446e-05
6.133147402127879858e-05
6.455944633818820724e-06
9.361119719037289881e-05
4.196364011982233301e-05
1.065230864580105335e-04
2.905175085218469157e-05
7.747133560582584869e-05
2.582377853527528290e-05
6.778741865509761591e-05
3.550769548600350890e-05
7.101539097200701780e-05
9.038322487346348336e-05
1.129790310918293508e-04
3.227972316909410362e-06
1.452587542609234646e-04
3.227972316909410362e-06
3.227972316909410362e-06
8.392728023964466603e-05
6.778741865509761591e-05
6.455944633818820724e-06
7.424336328891643325e-05
7.101539097200701780e-05
2.582377853527528290e-05
6.778741865509761591e-05
9.683916950728230070e-05
6.455944633818820047e-05
6.455944633818820724e-06
6.455944633818820724e-06
3.227972316909410023e-05
6.455944633818820047e-05
3.873566780291292435e-05
3.550769548600350890e-05
1.613986158454705012e-04
2.259580621836587084e-05
3.227972316909410362e-06
5.164755707055056579e-05
2.259580621836587084e-05
1.194349757256481817e-04
1.291188926763764145e-05
3.227972316909410362e-06
1.936783390145646217e-05
2.582377853527528290e-05
4.519161243673174168e-05
1.355748373101952318e-04
4.519161243673174168e-05
6.778741865509761591e-05
3.227972316909410362e-06
3.550769548600350890e-05
1.355748373101952318e-04
6.133147402127879858e-05
1.000671418241917161e-04
8.715525255655408147e-05
1.936783390145646217e-05
2.905175085218469157e-05
9.683916950728231086e-06
1.388028096271046337e-04
1.162070034087387663e-04
6.455944633818820047e-05
6.455944633818820047e-05
2.582377853527528290e-05
1.097510587749199489e-04
6.455944633818820724e-06
6.778741865509761591e-05
3.227972316909410362e-06
3.227972316909410362e-06
7.747133560582584869e-05
1.613986158454705012e-04
9.038322487346348336e-05
5.810350170436938313e-05
1.226629480425575972e-04
1.355748373101952318e-04
6.778741865509761591e-05
9.361119719037289881e-05
7.101539097200701780e-05
1.323468649932858299e-04
6.455944633818820724e-06
9.038322487346348336e-05
1.291188926763764009e-04
1.613986158454705012e-05
6.133147402127879858e-05
9.038322487346348336e-05
4.196364011982233301e-05
9.683916950728231086e-06
1.065230864580105335e-04
1.517146988947422684e-04
5.487552938745997446e-05
1.388028096271046337e-04
8.069930792273525058e-05
3.227972316909410362e-06
2.905175085218469157e-05
3.227972316909410362e-06
2.905175085218469157e-05
2.905175085218469157e-05
5.164755707055056579e-05
1.484867265778328665e-04
1.129790310918293508e-04
2.582377853527528290e-05
9.683916950728231086e-06
3.227972316909410362e-06
8.069930792273525058e-05
7.747133560582584869e-05
3.227972316909410362e-06
1.936783390145646217e-05
1.194349757256481817e-04
4.841958475364115035e-05
9.683916950728231086e-06
1.388028096271046337e-04
1.517146988947422684e-04
4.519161243673174168e-05
7.424336328891643325e-05
3.227972316909410023e-05
1.484867265778328665e-04
9.038322487346348336e-05
4.196364011982233301e-05
8.392728023964466603e-05
8.715525255655408147e-05
6.455944633818820724e-06
6.455944633818820724e-06
7.424336328891643325e-05
1.291188926763764145e-05
2.065902282822022632e-04
1.097510587749199489e-04
2.259580621836587084e-05
9.361119719037289881e-05
9.683916950728230070e-05
6.133147402127879858e-05
2.905175085218469157e-05
5.487552938745997446e-05
9.683916950728231086e-06
1.936783390145646217e-05
6.455944633818820047e-05
9.683916950728231086e-06
1.936783390145646217e-05
3.227972316909410362e-06
1.355748373101952318e-04
9.038322487346348336e-05
7.424336328891643325e-05
3.873566780291292435e-05
4.519161243673174168e-05
1.710825327961987339e-04
3.227972316909410362e-06
8.069930792273525058e-05
1.420307819440140356e-04
1.646265881623799302e-04
9.683916950728231086e-06
4.196364011982233301e-05
7.747133560582584869e-05
6.455944633818820047e-05
6.778741865509761591e-05
3.873566780291292435e-05
6.455944633818820047e-05
1.032951141411011316e-04
3.873566780291292435e-05
9.361119719037289881e-05
1.613986158454705012e-05
6.455944633818820047e-05
7.424336328891643325e-05
9.683916950728231086e-06
9.038322487346348336e-05
9.361119719037289881e-05
7.424336328891643325e-05
6.455944633818820047e-05
7.747133560582584869e-05
6.778741865509761591e-05
1.129790310918293508e-04
7.101539097200701780e-05
1.613986158454705012e-05
6.455944633818820047e-05
1.420307819440140356e-04
3.227972316909410362e-06
1.936783390145646217e-05
1.613986158454705012e-05
3.227972316909410362e-06
4.841958475364115035e-05
2.259580621836587084e-05
4.196364011982233301e-05
6.455944633818820047e-05
2.582377853527528290e-05
3.227972316909410362e-06
4.196364011982233301e-05
5.810350170436938313e-05
1.162070034087387663e-04
4.519161243673174168e-05
1.613986158454705012e-05
1.613986158454705012e-05
8.392728023964466603e-05
4.519161243673174168e-05
9.683916950728231086e-06
1.291188926763764145e-05
3.550769548600350890e-05
3.227972316909410023e-05
4.519161243673174168e-05
1.613986158454705012e-05
6.455944633818820724e-06
2.259580621836587084e-05
3.550769548600350890e-05
1.388028096271046337e-04
7.747133560582584869e-05
1.129790310918293508e-04
3.550769548600350890e-05
3.227972316909410362e-06
1.678545604792893321e-04
3.550769548600350890e-05
3.550769548600350890e-05
3.227972316909410023e-05
3.873566780291292435e-05
3.227972316909410362e-06
1.484867265778328665e-04
3.227972316909410023e-05
6.455944633818820047e-05
5.164755707055056579e-05
1.936783390145646217e-05
8.715525255655408147e-05
7.101539097200701780e-05
7.424336328891643325e-05
9.361119719037289881e-05
3.873566780291292435e-05
1.452587542609234646e-04
3.227972316909410362e-06
1.872223943807457976e-04
3.550769548600350890e-05
6.778741865509761591e-05
1.388028096271046337e-04
8.069930792273525058e-05
2.905175085218469157e-05
8.069930792273525058e-05
2.259580621836587084e-05
3.227972316909410023e-05
3.550769548600350890e-05
1.129790310918293508e-04
6.778741865509761591e-05
6.778741865509761591e-05
4.519161243673174168e-05
2.905175085218469157e-05
1.129790310918293508e-04
3.227972316909410362e-06
7.101539097200701780e-05
1.291188926763764145e-05
1.129790310918293508e-04
3.550769548600350890e-05
1.613986158454705012e-05
6.133147402127879858e-05
6.133147402127879858e-05
3.873566780291292435e-05
1.065230864580105335e-04
1.388028096271046337e-04
3.550769548600350890e-05
1.613986158454705012e-05
3.227972316909410362e-06
1.613986158454705012e-05
4.841958475364115035e-05
1.065230864580105335e-04
1.258909203594669990e-04
6.455944633818820047e-05
7.424336328891643325e-05
1.613986158454705012e-04
1.355748373101952318e-04
1.936783390145646217e-05
3.227972316909410362e-06
5.164755707055056579e-05
7.424336328891643325e-05
1.872223943807457976e-04
7.424336328891643325e-05
1.000671418241917161e-04
4.196364011982233301e-05
1.775384774300175648e-04
3.227972316909410362e-06
6.133147402127879858e-05
4.519161243673174168e-05
3.873566780291292435e-05
3.550769548600350890e-05
6.455944633818820724e-06
1.291188926763764009e-04
4.841958475364115035e-05
5.810350170436938313e-05
3.227972316909410362e-06
3.227972316909410362e-06
8.715525255655408147e-05
3.227972316909410362e-06
3.227972316909410362e-06
2.582377853527528290e-05
4.519161243673174168e-05
9.683916950728230070e-05
2.259580621836587084e-05
1.936783390145646217e-05
6.778741865509761591e-05
7.101539097200701780e-05
1.194349757256481817e-04
9.683916950728231086e-06
1.613986158454705012e-05
8.392728023964466603e-05
1.065230864580105335e-04
4.196364011982233301e-05
4.196364011982233301e-05
7.424336328891643325e-05
8.069930792273525058e-05
8.392728023964466603e-05
3.873566780291292435e-05
3.227972316909410362e-06
6.455944633818820724e-06
1.936783390145646217e-05
5.487552938745997446e-05
4.519161243673174168e-05
7.424336328891643325e-05
4.841958475364115035e-05
4.519161243673174168e-05
3.227972316909410362e-06
3.873566780291292435e-05
3.227972316909410362e-06
3.227972316909410362e-06
1.936783390145646217e-05
1.613986158454705012e-05
9.683916950728231086e-06
1.032951141411011316e-04
2.259580621836587084e-05
9.361119719037289881e-05
1.258909203594669990e-04
3.550769548600350890e-05
3.227972316909410362e-06
8.715525255655408147e-05
4.196364011982233301e-05
9.683916950728231086e-06
5.164755707055056579e-05
5.810350170436938313e-05
2.905175085218469157e-05
5.487552938745997446e-05
1.258909203594669990e-04
2.582377853527528290e-05
1.613986158454705012e-05
8.715525255655408147e-05
2.582377853527528290e-05
5.164755707055056579e-05
5.164755707055056579e-05
6.133147402127879858e-05
9.683916950728231086e-06
3.227972316909410362e-06
1.936783390145646217e-05
3.227972316909410362e-06
9.683916950728231086e-06
3.227972316909410023e-05
1.420307819440140356e-04
2.905175085218469157e-05
1.291188926763764145e-05
1.936783390145646217e-05
5.164755707055056579e-05
1.388028096271046337e-04
3.227972316909410362e-06
5.164755707055056579e-05
3.873566780291292435e-05
3.227972316909410362e-06
3.227972316909410362e-06
9.683916950728230070e-05
1.065230864580105335e-04
2.582377853527528290e-05
6.455944633818820047e-05
6.455944633818820724e-06
6.133147402127879858e-05
5.487552938745997446e-05
1.355748373101952318e-04
2.582377853527528290e-05
1.000671418241917161e-04
4.841958475364115035e-05
1.226629480425575972e-04
1.291188926763764145e-05
4.196364011982233301e-05
3.227972316909410362e-06
1.162070034087387663e-04
1.291188926763764145e-05
4.841958475364115035e-05
1.291188926763764145e-05
1.226629480425575972e-04
3.227972316909410362e-06
7.424336328891643325e-05
3.550769548600350890e-05
8.715525255655408147e-05
3.873566780291292435e-05
7.424336328891643325e-05
1.129790310918293508e-04
2.259580621836587084e-05
3.873566780291292435e-05
1.291188926763764145e-05
3.227972316909410362e-06
4.841958475364115035e-05
3.227972316909410023e-05
3.873566780291292435e-05
3.873566780291292435e-05
8.069930792273525058e-05
1.000671418241917161e-04
6.778741865509761591e-05
4.841958475364115035e-05
6.133147402127879858e-05
4.841958475364115035e-05
3.873566780291292435e-05
1.000671418241917161e-04
1.613986158454705012e-05
2.582377853527528290e-05
9.683916950728230070e-05
1.291188926763764145e-05
9.361119719037289881e-05
4.841958475364115035e-05
1.065230864580105335e-04
3.227972316909410362e-06
1.291188926763764145e-05
1.936783390145646217e-05
4.196364011982233301e-05
4.196364011982233301e-05
1.936783390145646217e-05
2.582377853527528290e-05
9.361119719037289881e-05
8.715525255655408147e-05
1.678545604792893321e-04
5.164755707055056579e-05
7.747133560582584869e-05
3.873566780291292435e-05
1.936783390145646217e-05
9.683916950728231086e-06
6.455944633818820724e-06
6.455944633818820724e-06
4.841958475364115035e-05
6.778741865509761591e-05
4.196364011982233301e-05
1.936783390145646217e-05
1.420307819440140356e-04
1.936783390145646217e-05
1.032951141411011316e-04
1.613986158454705012e-05
4.519161243673174168e-05
1.291188926763764145e-05
6.455944633818820724e-06
1.323468649932858299e-04
6.455944633818820724e-06
4.196364011982233301e-05
6.455944633818820724e-06
1.936783390145646217e-05
6.133147402127879858e-05
8.715525255655408147e-05
3.227972316909410362e-06
9.683916950728231086e-06
8.392728023964466603e-05
6.455944633818820724e-06
6.455944633818820724e-06
4.519161243673174168e-05
5.810350170436938313e-05
6.455944633818820724e-06
3.873566780291292435e-05
1.065230864580105335e-04
1.646265881623799302e-04
9.038322487346348336e-05
3.227972316909410362e-06
1.936783390145646217e-05
1.000671418241917161e-04
1.065230864580105335e-04
2.582377853527528290e-05
3.227972316909410023e-05
3.227972316909410023e-05
1.291188926763764145e-05
3.227972316909410362e-06
4.519161243673174168e-05
1.936783390145646217e-05
1.097510587749199489e-04
5.164755707055056579e-05
6.455944633818820724e-06
3.550769548600350890e-05
6.455944633818820724e-06
4.519161243673174168e-05
5.164755707055056579e-05
6.778741865509761591e-05
1.613986158454705012e-05
5.164755707055056579e-05
3.227972316909410362e-06
2.582377853527528290e-05
1.936783390145646217e-05
3.227972316909410362e-06
3.227972316909410362e-06
9.683916950728231086e-06
1.613986158454705012e-05
2.259580621836587084e-05
9.683916950728231086e-06
2.905175085218469157e-05
9.683916950728230070e-05
8.392728023964466603e-05
5.164755707055056579e-05
2.582377853527528290e-05
1.032951141411011316e-04
8.392728023964466603e-05
3.227972316909410362e-06
3.227972316909410362e-06
3.227972316909410362e-06
6.778741865509761591e-05
4.841958475364115035e-05
4.196364011982233301e-05
5.164755707055056579e-05
4.841958475364115035e-05
3.227972316909410362e-06
3.873566780291292435e-05
4.841958475364115035e-05
4.841958475364115035e-05
1.291188926763764145e-05
2.582377853527528290e-05
6.455944633818820047e-05
3.227972316909410362e-06
4.841958475364115035e-05
9.683916950728231086e-06
6.455944633818820724e-06
2.259580621836587084e-05
1.097510587749199489e-04
3.227972316909410023e-05
1.097510587749199489e-04
3.227972316909410362e-06
1.936783390145646217e-05
2.259580621836587084e-05
6.455944633818820724e-06
1.291188926763764145e-05
6.455944633818820724e-06
4.196364011982233301e-05
9.038322487346348336e-05
4.841958475364115035e-05
6.455944633818820724e-06
3.227972316909410023e-05
9.361119719037289881e-05
6.778741865509761591e-05
9.361119719037289881e-05
4.519161243673174168e-05
2.582377853527528290e-05
6.455944633818820724e-06
1.613986158454705012e-05
5.487552938745997446e-05
7.101539097200701780e-05
3.227972316909410362e-06
1.420307819440140356e-04
6.455944633818820724e-06
1.065230864580105335e-04
3.873566780291292435e-05
5.810350170436938313e-05
1.291188926763764145e-05
7.424336328891643325e-05
1.613986158454705012e-05
9.683916950728231086e-06
6.133147402127879858e-05
4.841958475364115035e-05
1.549426712116516974e-04
2.582377853527528290e-05
3.227972316909410362e-06
3.227972316909410023e-05
6.778741865509761591e-05
