7.578243410053281826e-04
6.875107423553492936e-04
2.138705292270191849e-02
5.000078126220721840e-04
3.085985718526852023e-04
4.726636353693026461e-04
6.953233644275691461e-04
2.265660400943764804e-04
2.421912842388162395e-04
1.007437616212753309e-02
5.820403443803809059e-04
7.711057985281020294e-03
3.390677979343427028e-03
6.117283082548164753e-03
3.906311036109938937e-06
6.129002015656494912e-03
6.527445741339708146e-03
2.539102173471460724e-04
4.937577149642963237e-03
2.421912842388162395e-04
1.785184143502242197e-03
4.250066407287613618e-03
2.460975952749261658e-04
3.320364380693448139e-04
5.086016969015141193e-03
4.906326661354083393e-03
3.793028016062750894e-03
5.164143189737339934e-03
5.222737855278988990e-03
3.207081360646259899e-03
4.093813965843216135e-03
1.382834106782918548e-03
2.207065735402115748e-03
2.539102173471460724e-04
9.257957155580556069e-04
1.218769043266301104e-03
9.140767824497257740e-04
7.617306520414381631e-04
2.886763855685244972e-03
1.765652588321692511e-03
8.437631837997468850e-04
6.796981202831294411e-04
2.933639588118564304e-03
5.000078126220721840e-04
3.179737183393490686e-03
2.734417725276957578e-04
3.085985718526852023e-03
1.386740417819028529e-03
2.531289551399240438e-03
4.332098939045922990e-03
6.992296754636791265e-04
1.589868591696745343e-03
1.246113220519070534e-03
1.742214722105032846e-03
3.070360474382412101e-03
2.117220581571586848e-03
3.175830872357380489e-03
4.472726136345880552e-03
3.820372193315520540e-03
1.179705932905201734e-03
2.871138611540805484e-03
3.351614868982327657e-03
1.722683166924483160e-03
3.011765808840763045e-03
1.312520508132939551e-03
2.312536133377084135e-03
7.187612306442288119e-04
2.753949280457506938e-03
1.687526367599493770e-03
1.843778809043891253e-03
3.199268738574040372e-03
3.625056641510023686e-03
2.675823059735308197e-03
3.402396912451757186e-03
3.804746949171080618e-03
2.363318176846513231e-03
4.804762574415224986e-04
5.976655885248207192e-04
2.246128845763215118e-03
3.078173096454632062e-03
1.066422912858013385e-03
7.812622072219878213e-05
2.796918701854716506e-03
9.375146486663854398e-04
1.699245300707823494e-03
2.652385193518648748e-03
2.031281738777168579e-03
1.039078735605243739e-03
9.922030031719246239e-04
1.953155518054969553e-05
1.000015625244144368e-03
1.992218628416069209e-03
1.082048157002453090e-03
2.093782715354927399e-03
2.457069641713151894e-03
1.480491882685666975e-03
1.570337036516195658e-03
1.445335083360677585e-03
1.378927795746808568e-03
6.601665651025797558e-04
3.105517273707401708e-03
2.882857544649135208e-03
2.734417725276957578e-04
2.687541992843638355e-03
1.875029297332770880e-03
1.421897217144017919e-03
5.156330567665119973e-04
2.597696839013109455e-03
1.179705932905201734e-03
2.253941467835435079e-03
2.890670166721355169e-03
5.039141236581821644e-04
2.597696839013109455e-03
1.691432678635603750e-03
2.246128845763215118e-03
1.371115173674588607e-03
1.250019531555180514e-03
1.250019531555180514e-03
1.222675354302410868e-03
1.285176330880169904e-03
1.078141845966343326e-03
2.601603150049219652e-03
3.125048828887951285e-04
1.003921936280254348e-03
1.566430725480085677e-03
1.011734558352474309e-03
1.703151611743933475e-03
1.664088501382834104e-03
2.293004578196534450e-03
7.461054078969983497e-04
9.609525148830449972e-04
7.461054078969983497e-04
7.070422975358989790e-04
1.238300598446850790e-03
1.464866638541227270e-03
2.105501648463257124e-03
7.851685182580978289e-04
3.710995484304442388e-04
2.058625916029937792e-03
4.687573243331927199e-04
1.250019531555180460e-04
4.453194581165330541e-04
6.250097657775902571e-04
1.343770996421819177e-03
1.644556946202284419e-03
1.875029297332770880e-03
3.125048828887951150e-05
2.355505554774293270e-03
2.093782715354927399e-03
1.089860779074673051e-03
1.398459350927358253e-03
1.269551086735730199e-03
1.246113220519070534e-03
1.933623962874419936e-03
9.375146486663854398e-04
2.043000671885498304e-03
1.851591431116111214e-03
4.921951905498523315e-04
2.968796387443553694e-04
1.007828247316364329e-03
1.582055969624525382e-03
1.609400146877295028e-03
1.808622009718901863e-03
1.367208862638478789e-04
1.304707886060719807e-03
1.035172424569133975e-03
7.617306520414381631e-04
1.464866638541227270e-03
1.652369568274504380e-03
8.984515383052860691e-04
1.574243347552305421e-03
1.546899170299535992e-03
1.464866638541227270e-03
1.207050110157971163e-03
1.562524414443975697e-03
1.781277832466132216e-03
1.886748230441100604e-03
1.765652588321692511e-03
1.746121033141142826e-03
1.578149658588415402e-03
1.363302551602368863e-03
1.570337036516195658e-03
1.449241394396787348e-03
7.148549196081188314e-04
7.226675416803387923e-04
1.019547180424694053e-03
4.961015015859623119e-04
1.730495788996703121e-03
1.941436584946639897e-03
1.023453491460804034e-03
2.539102173471460724e-04
1.843778809043891253e-03
1.304707886060719807e-03
6.367286988859200900e-04
1.523461304082876326e-03
1.117204956327442697e-03
6.250097657775902571e-04
1.121111267363552461e-03
4.375068360443132016e-04
9.687651369552649581e-04
1.207050110157971163e-03
1.703151611743933475e-03
1.164080688760761812e-03
6.601665651025797558e-04
3.750058594665541651e-04
1.460960327505117290e-03
1.484398193721776955e-03
1.500023437866216660e-03
9.804840700635946826e-04
1.640650635166174438e-04
1.515648682010656365e-03
3.945374146471038504e-04
1.117204956327442697e-03
1.050797668713573680e-03
1.003921936280254348e-03
1.136736511507992382e-03
1.277363708807950160e-03
1.640650635166174438e-03
1.148455444616322107e-03
2.734417725276957578e-04
6.054782105970405717e-04
1.875029297332770825e-04
9.726714479913748301e-04
1.058610290785793424e-03
9.492335817747152727e-04
5.351646119470616827e-04
9.257957155580556069e-04
1.078141845966343326e-03
1.292988952952389865e-03
1.167986999796871792e-03
6.484476319942499229e-04
4.726636353693026461e-04
1.125017578399662441e-03
9.492335817747152727e-04
1.640650635166174438e-04
1.015640869388584290e-03
1.062516601821903404e-03
1.304707886060719807e-03
1.261738464663510455e-03
1.457054016469007309e-03
5.273519898748418302e-04
1.156268066688542068e-03
6.718854982109095887e-04
1.500023437866216660e-03
9.570462038469351252e-04
4.882888795137423511e-04
6.875107423553492936e-04
1.230487976374630829e-03
1.207050110157971163e-03
4.101626587915436096e-04
5.156330567665119973e-04
3.906311036109938937e-06
1.054703979749683606e-04
9.726714479913748301e-04
2.343786621665963600e-04
9.726714479913748301e-04
5.546961671276113681e-04
1.308614197096829570e-03
5.586024781637213485e-04
2.773480835638056840e-04
1.070329223894123365e-03
1.296895263988499846e-03
8.828262941608462557e-04
8.398568727636369045e-04
9.843903810997046630e-04
2.539102173471460724e-04
8.554821169080767179e-04
1.062516601821903404e-03
5.078204346942921448e-04
1.222675354302410868e-03
2.382849732027062862e-04
1.195331177049641438e-03
1.179705932905201734e-03
9.843903810997046630e-04
8.203253175830872192e-05
1.062516601821903404e-03
5.312583009109517022e-04
3.515679932498945535e-04
4.453194581165330541e-04
1.121111267363552461e-03
8.281379396553070716e-04
1.171893310832981766e-05
5.546961671276113681e-04
7.070422975358989790e-04
8.711073610525164228e-04
5.507898560915013876e-04
9.961093142080346043e-04
7.382927858247784973e-04
2.578165283832559987e-04
1.500023437866216660e-03
1.167986999796871792e-03
1.097673401146893012e-03
1.121111267363552461e-03
8.125126955108673667e-04
6.171971437053704046e-04
1.468772949577337250e-03
9.726714479913748301e-04
6.953233644275691461e-04
9.140767824497257740e-04
1.050797668713573680e-03
1.175799621869091753e-03
8.593884279441865899e-04
5.546961671276113681e-04
8.359505617275270325e-04
2.187534180221566008e-04
8.672010500164065508e-04
2.421912842388162395e-04
8.789199831247362753e-04
1.390646728855138292e-03
8.632947389802965703e-04
3.242238159971249614e-04
8.672010500164065508e-04
1.210956421194081143e-03
2.382849732027062862e-04
9.336083376302754594e-04
9.218894045219456265e-04
6.718854982109095887e-04
1.953155518054969621e-04
7.304801637525586448e-04
8.086063844747573863e-04
4.140689698276535358e-04
4.492257691526430345e-04
7.382927858247784973e-04
5.898529664526008668e-04
7.578243410053281826e-04
5.898529664526008668e-04
7.851685182580978289e-04
1.199237488085751419e-03
8.203253175830872192e-04
7.890748292942077009e-04
8.750136720886264033e-04
1.046891357677463700e-03
4.609447022609728132e-04
7.343864747886686252e-04
7.304801637525586448e-04
7.734495851497679960e-04
9.101704714136157936e-04
8.945452272691760886e-04
6.523539430303599033e-04
1.015640869388584290e-03
2.890670166721355169e-04
1.328145752277379256e-04
8.320442506914170521e-04
5.312583009109517022e-04
1.324239441241269492e-03
7.929811403303176813e-04
3.710995484304442388e-04
7.656369630775480351e-04
9.453272707386052923e-04
1.289082641916279993e-04
8.632947389802965703e-04
5.859466554164908863e-04
3.945374146471038504e-04
1.101579712183002775e-03
5.546961671276113681e-04
9.453272707386052923e-04
1.210956421194081198e-04
5.429772340192815351e-04
6.132908326692604242e-04
3.515679932498945535e-04
1.085954468038563070e-03
5.195393678026218693e-04
7.695432741136580155e-04
1.093767090110783004e-04
6.289160768137002375e-04
6.015718995609305913e-04
4.062563477554336834e-04
7.851685182580978289e-04
7.070422975358989790e-04
8.672010500164065508e-04
3.906311036109939242e-04
1.953155518054969553e-05
7.734495851497679960e-04
7.851685182580978289e-04
5.742277223081610534e-04
6.640728761386896278e-04
4.961015015859623119e-04
1.000015625244144368e-03
1.253925842591290495e-03
7.031359864997891070e-04
8.007937624025375338e-04
8.867326051969562362e-04
6.054782105970405717e-04
7.304801637525586448e-04
7.812622072219877874e-06
5.390709229831716631e-04
2.656291504554758511e-04
2.968796387443553694e-04
7.773558961858778680e-04
4.921951905498523315e-04
7.265738527164486643e-04
1.953155518054969621e-04
1.953155518054969621e-04
4.375068360443132016e-04
2.460975952749261658e-04
7.812622072219878484e-04
2.851607056360255365e-04
2.265660400943764804e-04
7.148549196081188314e-04
4.961015015859623119e-04
4.726636353693026461e-04
9.453272707386052923e-04
1.136736511507992382e-03
5.781340333442710339e-04
1.015640869388584290e-03
6.679791871747996082e-04
8.945452272691760886e-04
7.812622072219878484e-04
6.796981202831294411e-04
1.835966186971671563e-04
4.336005250082032754e-04
3.867247925748839980e-04
6.445413209581399424e-04
2.929733277082454432e-04
8.007937624025375338e-04
1.136736511507992382e-03
5.859466554164908863e-04
1.042985046641353719e-03
6.211034547414803850e-04
6.914170533914592741e-04
5.742277223081610534e-04
9.297020265941655873e-04
4.101626587915436096e-04
3.906311036109939242e-04
6.054782105970405717e-04
5.742277223081610534e-04
2.500039063110360920e-04
7.851685182580978289e-04
8.242316286191971996e-04
8.984515383052860691e-04
5.625087891998312205e-04
9.531398928108251447e-04
7.500117189331083302e-04
4.882888795137423511e-04
3.710995484304442388e-04
1.601587524805075176e-04
8.437631837997468850e-04
7.461054078969983497e-04
3.203175049610150352e-04
8.906389162330661082e-04
7.929811403303176813e-04
4.336005250082032754e-04
9.570462038469351252e-04
8.593884279441865899e-04
4.492257691526430345e-04
6.015718995609305913e-04
2.031281738777168417e-04
7.929811403303176813e-04
5.156330567665119973e-04
1.031266113533023995e-03
4.453194581165330541e-04
7.109486085720089594e-04
5.586024781637213485e-04
6.132908326692604242e-04
4.765699464054125724e-04
7.148549196081188314e-04
2.734417725276957578e-04
8.242316286191971996e-04
9.765777590274847021e-04
8.945452272691760886e-04
7.187612306442288119e-04
8.750136720886264033e-04
7.031359864997891070e-04
6.015718995609305913e-04
9.257957155580556069e-04
2.617228394193659249e-04
7.304801637525586448e-04
4.414131470804231279e-04
5.546961671276113681e-04
4.218815918998734425e-04
6.796981202831294411e-04
9.257957155580556069e-04
4.023500367193237571e-04
4.062563477554336834e-04
7.461054078969983497e-04
7.851685182580978289e-04
4.843825684776324790e-04
9.297020265941655873e-04
4.961015015859623119e-04
8.398568727636369045e-04
4.765699464054125724e-04
2.460975952749261658e-04
6.836044313192393132e-04
3.828184815387740175e-04
6.250097657775902571e-04
3.046922608165752761e-04
7.539180299692183106e-04
2.500039063110360920e-04
6.601665651025797558e-04
2.773480835638056840e-04
2.187534180221566008e-04
1.027359802496914014e-03
4.726636353693026461e-04
5.468835450553915020e-05
2.265660400943764804e-04
5.390709229831716631e-04
5.820403443803809059e-04
2.226597290582665270e-04
6.836044313192393132e-04
9.062641603775059215e-04
5.742277223081610534e-04
6.406350099220300704e-04
8.554821169080767179e-04
9.922030031719246239e-04
3.906311036109939107e-05
5.781340333442710339e-04
5.351646119470616827e-04
7.265738527164486643e-04
6.289160768137002375e-04
5.468835450553915156e-04
5.273519898748418302e-04
3.515679932498945535e-04
5.000078126220721840e-04
3.437553711776746468e-04
5.507898560915013876e-04
8.242316286191971996e-04
6.523539430303599033e-04
9.570462038469351252e-04
5.156330567665119973e-04
6.796981202831294411e-04
7.109486085720089594e-04
7.890748292942077009e-04
7.812622072219878213e-05
4.843825684776324790e-04
7.421990968608884777e-04
7.031359864997891070e-04
8.750136720886264033e-04
6.484476319942499229e-04
5.195393678026218693e-04
6.406350099220300704e-04
7.890748292942077009e-04
7.148549196081188314e-04
5.039141236581821644e-04
7.500117189331083302e-04
4.140689698276535358e-04
5.742277223081610534e-04
8.789199831247362753e-04
1.640650635166174438e-04
7.109486085720089594e-04
2.421912842388162395e-04
7.929811403303176813e-04
3.906311036109938937e-06
4.296942139720932950e-04
5.507898560915013876e-04
4.062563477554336834e-04
9.609525148830449972e-04
3.476616822137845730e-04
2.929733277082454432e-04
3.906311036109939242e-04
3.671932373943343126e-04
7.695432741136580155e-04
2.421912842388162395e-04
5.468835450553915156e-04
6.328223878498101095e-04
5.703214112720510730e-04
8.281379396553070716e-04
3.671932373943343126e-04
8.984515383052860149e-05
5.000078126220721840e-04
2.500039063110360920e-04
2.851607056360255365e-04
4.101626587915436096e-04
6.562602540664697753e-04
2.304723511304864066e-04
6.640728761386896278e-05
3.203175049610150352e-04
5.976655885248207192e-04
4.101626587915436096e-04
4.921951905498523315e-04
1.953155518054969553e-05
5.664151002359412010e-04
3.281301270332348877e-04
2.421912842388162395e-04
4.804762574415224986e-04
7.148549196081188314e-04
3.906311036109939107e-05
7.265738527164486643e-04
4.961015015859623119e-04
1.992218628416068883e-04
5.468835450553915156e-04
4.296942139720932950e-04
5.507898560915013876e-04
4.843825684776324790e-04
3.906311036109939242e-04
7.500117189331083302e-04
7.031359864997891070e-04
7.148549196081188314e-04
8.164190065469773471e-04
4.179752808637635163e-04
3.515679932498945535e-04
2.929733277082454432e-04
5.390709229831716631e-04
3.320364380693448139e-04
6.171971437053704046e-04
6.640728761386896278e-04
6.523539430303599033e-04
5.859466554164908863e-04
5.898529664526008668e-04
4.257879029359833687e-04
5.507898560915013876e-04
6.171971437053704046e-04
2.343786621665963600e-04
5.000078126220721840e-04
4.648510132970827937e-04
9.375146486663854127e-05
6.054782105970405717e-04
6.640728761386896278e-04
3.242238159971249614e-04
5.976655885248207192e-04
5.898529664526008668e-04
6.328223878498101095e-04
7.109486085720089594e-04
3.164111939249050548e-04
4.882888795137423511e-04
3.242238159971249614e-04
9.375146486663854127e-05
7.773558961858778680e-04
5.976655885248207192e-04
1.132830200471882402e-04
3.437553711776746468e-04
2.812543945999156103e-04
2.265660400943764804e-04
4.765699464054125724e-04
5.781340333442710339e-04
4.414131470804231279e-04
2.968796387443553694e-04
4.726636353693026461e-04
2.109407959499367212e-04
5.117267457304020169e-04
2.109407959499367212e-04
4.843825684776324790e-04
7.578243410053281826e-04
5.000078126220721840e-04
4.492257691526430345e-04
6.562602540664697753e-04
3.828184815387740175e-04
2.578165283832559987e-04
5.156330567665119973e-04
7.304801637525586448e-04
4.257879029359833687e-04
7.500117189331083302e-04
6.289160768137002375e-04
1.796903076610572030e-04
5.117267457304020169e-04
5.000078126220721840e-04
5.351646119470616827e-04
5.117267457304020169e-04
6.601665651025797558e-04
5.195393678026218693e-04
7.500117189331083302e-04
5.937592774887107388e-04
3.398490601415647206e-04
4.218815918998734425e-04
5.859466554164908999e-05
5.976655885248207192e-04
5.703214112720510730e-04
3.632869263582243322e-04
2.421912842388162395e-04
4.843825684776324790e-04
6.601665651025797558e-04
2.734417725276957578e-04
2.617228394193659249e-04
4.218815918998734425e-04
3.906311036109938937e-06
4.531320801887529608e-04
1.210956421194081198e-04
2.656291504554758511e-04
7.031359864997890256e-05
2.734417725276957510e-05
6.484476319942499229e-04
3.046922608165752761e-04
2.968796387443553694e-04
3.906311036109938937e-06
6.171971437053704046e-04
3.789121705026640913e-04
7.031359864997890256e-05
5.586024781637213485e-04
3.398490601415647206e-04
1.562524414443975575e-05
3.906311036109939242e-04
1.640650635166174438e-04
2.617228394193659249e-04
2.929733277082454432e-04
3.632869263582243322e-04
4.492257691526430345e-04
3.554743042860044797e-04
4.414131470804231279e-04
5.039141236581821644e-04
3.320364380693448139e-04
6.054782105970405717e-04
5.468835450553915020e-05
6.132908326692604242e-04
3.242238159971249614e-04
3.906311036109938937e-06
8.984515383052860149e-05
5.429772340192815351e-04
7.031359864997890256e-05
4.687573243331927199e-04
3.906311036109939242e-04
3.789121705026640913e-04
5.351646119470616827e-04
5.429772340192815351e-04
2.734417725276957578e-04
4.687573243331927063e-05
4.336005250082032754e-04
2.617228394193659249e-04
4.375068360443132016e-04
5.351646119470616827e-04
3.945374146471038504e-04
4.140689698276535358e-04
2.968796387443553694e-04
3.281301270332348877e-04
8.984515383052860149e-05
6.562602540664697753e-04
5.117267457304020169e-04
3.398490601415647206e-04
4.062563477554336834e-04
5.039141236581821644e-04
2.617228394193659249e-04
3.515679932498945535e-04
3.554743042860044797e-04
4.648510132970827937e-04
4.453194581165330541e-04
4.375068360443132016e-04
3.906311036109939242e-04
2.734417725276957510e-05
5.078204346942921448e-04
4.765699464054125724e-04
2.617228394193659249e-04
6.484476319942499229e-04
5.937592774887107388e-04
5.039141236581821644e-04
4.414131470804231279e-04
4.492257691526430345e-04
1.718776855888373234e-04
4.687573243331927199e-04
3.476616822137845730e-04
1.523461304082876380e-04
5.703214112720510730e-04
1.835966186971671563e-04
2.109407959499367212e-04
3.710995484304442388e-04
9.765777590274848105e-05
3.164111939249050548e-04
2.109407959499367212e-04
7.031359864997890256e-05
3.242238159971249614e-04
1.953155518054969621e-04
5.742277223081610534e-04
3.789121705026640913e-04
3.515679932498945535e-04
5.468835450553915156e-04
4.140689698276535358e-04
2.890670166721355169e-04
3.671932373943343126e-04
3.906311036109939242e-04
3.125048828887951285e-04
8.593884279441866170e-05
4.492257691526430345e-04
6.171971437053704046e-04
2.695354614915858316e-04
4.882888795137423511e-04
5.976655885248207192e-04
1.757839966249472767e-04
1.992218628416068883e-04
7.031359864997890256e-05
4.687573243331927063e-05
3.632869263582243322e-04
1.250019531555180460e-04
2.734417725276957578e-04
4.765699464054125724e-04
3.203175049610150352e-04
4.765699464054125724e-04
3.750058594665541651e-04
3.515679932498945535e-04
4.804762574415224986e-04
2.695354614915858316e-04
3.281301270332348877e-04
5.859466554164908999e-05
1.953155518054969621e-04
3.437553711776746468e-04
4.961015015859623119e-04
4.648510132970827937e-04
2.695354614915858316e-04
1.328145752277379256e-04
1.835966186971671563e-04
6.093845216331505521e-04
4.101626587915436096e-04
4.921951905498523315e-04
4.179752808637635163e-04
3.398490601415647206e-04
4.453194581165330541e-04
2.187534180221566008e-04
4.140689698276535358e-04
5.703214112720510730e-04
2.421912842388162395e-04
3.593806153221144059e-04
3.046922608165752761e-04
4.179752808637635163e-04
2.421912842388162395e-04
4.921951905498523315e-04
2.578165283832559987e-04
4.843825684776324790e-04
4.648510132970827937e-04
2.539102173471460724e-04
2.968796387443553694e-04
5.625087891998312205e-04
7.461054078969983497e-04
2.929733277082454432e-04
2.773480835638056840e-04
2.695354614915858316e-04
5.976655885248207192e-04
8.984515383052860149e-05
3.984437256832137767e-04
4.218815918998734425e-04
1.953155518054969621e-04
5.156330567665119973e-04
5.976655885248207192e-04
3.476616822137845730e-04
3.476616822137845730e-04
4.961015015859623119e-04
3.906311036109938937e-06
3.007859497804652956e-04
3.242238159971249614e-04
2.031281738777168417e-04
3.632869263582243322e-04
3.515679932498945535e-04
5.273519898748418302e-04
7.812622072219877874e-06
2.460975952749261658e-04
2.695354614915858316e-04
3.281301270332348877e-04
2.109407959499367212e-04
1.875029297332770825e-04
4.570383912248628870e-04
1.640650635166174438e-04
2.539102173471460724e-04
2.460975952749261658e-04
2.617228394193659249e-04
2.421912842388162395e-04
1.015640869388584208e-04
3.320364380693448139e-04
5.781340333442710339e-04
3.554743042860044797e-04
1.718776855888373234e-04
2.968796387443553694e-04
3.515679932498945535e-04
3.710995484304442388e-04
2.734417725276957578e-04
3.671932373943343126e-04
5.664151002359412010e-04
1.250019531555180460e-04
1.601587524805075176e-04
2.500039063110360920e-04
2.695354614915858316e-04
2.148471069860466475e-04
4.961015015859623119e-04
2.031281738777168417e-04
4.296942139720932950e-04
3.046922608165752761e-04
4.531320801887529608e-04
2.031281738777168417e-04
3.242238159971249614e-04
3.945374146471038504e-04
4.414131470804231279e-04
4.257879029359833687e-04
4.687573243331927199e-04
8.593884279441866170e-05
4.609447022609728132e-04
2.265660400943764804e-04
5.156330567665119973e-04
2.109407959499367212e-04
2.929733277082454432e-04
4.843825684776324790e-04
2.187534180221566008e-04
3.359427491054547943e-04
3.632869263582243322e-04
3.945374146471038504e-04
2.812543945999156103e-04
3.125048828887951285e-04
1.093767090110783004e-04
4.531320801887529608e-04
4.648510132970827937e-04
2.968796387443553694e-04
2.968796387443553694e-04
2.695354614915858316e-04
4.492257691526430345e-04
4.492257691526430345e-04
3.671932373943343126e-04
3.710995484304442388e-04
4.101626587915436096e-04
3.515679932498945535e-04
4.492257691526430345e-04
2.304723511304864066e-04
4.531320801887529608e-04
4.453194581165330541e-04
1.640650635166174438e-04
3.164111939249050548e-04
2.031281738777168417e-04
3.046922608165752761e-04
3.867247925748839980e-04
4.375068360443132016e-04
1.914092407693870088e-04
2.656291504554758511e-04
3.398490601415647206e-04
3.281301270332348877e-04
2.695354614915858316e-04
3.320364380693448139e-04
2.968796387443553694e-04
4.609447022609728132e-04
2.578165283832559987e-04
5.039141236581821644e-04
3.085985718526852023e-04
2.265660400943764804e-04
3.085985718526852023e-04
4.023500367193237571e-04
3.867247925748839980e-04
2.109407959499367212e-04
3.359427491054547943e-04
7.812622072219877874e-06
1.757839966249472767e-04
1.640650635166174438e-04
5.468835450553915020e-05
7.070422975358989790e-04
3.906311036109938937e-06
4.765699464054125724e-04
4.609447022609728132e-04
8.203253175830872192e-05
1.523461304082876380e-04
1.992218628416068883e-04
5.156330567665119973e-04
5.039141236581821644e-04
3.164111939249050548e-04
3.867247925748839980e-04
2.929733277082454432e-04
3.828184815387740175e-04
4.492257691526430345e-04
4.492257691526430345e-04
2.578165283832559987e-04
4.687573243331927063e-05
5.078204346942921448e-04
6.250097657775902300e-05
4.843825684776324790e-04
4.257879029359833687e-04
1.132830200471882402e-04
3.906311036109938937e-06
3.437553711776746468e-04
3.906311036109938937e-06
2.890670166721355169e-04
3.476616822137845730e-04
2.734417725276957578e-04
2.187534180221566008e-04
3.398490601415647206e-04
3.554743042860044797e-04
4.101626587915436096e-04
2.890670166721355169e-04
3.789121705026640913e-04
4.609447022609728132e-04
2.539102173471460724e-04
3.007859497804652956e-04
4.179752808637635163e-04
2.070344849138267679e-04
3.437553711776746468e-04
1.054703979749683606e-04
4.531320801887529608e-04
3.203175049610150352e-04
3.906311036109938937e-06
3.593806153221144059e-04
1.132830200471882402e-04
3.359427491054547943e-04
3.476616822137845730e-04
2.148471069860466475e-04
3.945374146471038504e-04
3.632869263582243322e-04
2.460975952749261658e-04
2.109407959499367212e-04
3.593806153221144059e-04
4.140689698276535358e-04
4.062563477554336834e-04
1.835966186971671563e-04
3.242238159971249614e-04
4.179752808637635163e-04
2.226597290582665270e-04
1.914092407693870088e-04
2.539102173471460724e-04
3.203175049610150352e-04
2.578165283832559987e-04
4.296942139720932950e-04
4.453194581165330541e-04
1.601587524805075176e-04
2.656291504554758511e-04
2.929733277082454432e-04
4.296942139720933085e-05
5.937592774887107388e-04
5.078204346942921042e-05
4.687573243331927063e-05
2.500039063110360920e-04
1.171893310832981800e-04
3.906311036109938937e-06
3.671932373943343126e-04
2.812543945999156103e-04
3.515679932498945128e-05
2.539102173471460724e-04
1.992218628416068883e-04
3.867247925748839980e-04
3.046922608165752761e-04
7.812622072219877874e-06
1.953155518054969621e-04
3.710995484304442388e-04
1.718776855888373234e-04
3.085985718526852023e-04
2.734417725276957578e-04
2.304723511304864066e-04
4.531320801887529608e-04
1.484398193721776847e-04
3.789121705026640913e-04
2.734417725276957578e-04
6.640728761386896278e-05
3.320364380693448139e-04
2.617228394193659249e-04
4.257879029359833687e-04
2.500039063110360920e-04
1.484398193721776847e-04
4.609447022609728132e-04
2.031281738777168417e-04
3.867247925748839980e-04
2.734417725276957578e-04
3.046922608165752761e-04
2.070344849138267679e-04
2.578165283832559987e-04
3.906311036109938937e-06
4.570383912248628870e-04
3.828184815387740175e-04
1.562524414443975575e-05
4.492257691526430345e-04
2.304723511304864066e-04
1.171893310832981800e-04
3.476616822137845730e-04
2.460975952749261658e-04
8.984515383052860149e-05
1.679713745527273972e-04
1.015640869388584208e-04
1.953155518054969621e-04
3.437553711776746468e-04
3.554743042860044797e-04
3.515679932498945128e-05
2.343786621665963600e-04
3.671932373943343126e-04
8.203253175830872192e-05
1.367208862638478789e-04
1.757839966249472767e-04
2.617228394193659249e-04
2.226597290582665270e-04
3.125048828887951150e-05
2.539102173471460724e-04
3.515679932498945535e-04
4.062563477554336834e-04
4.023500367193237571e-04
3.007859497804652956e-04
1.054703979749683606e-04
2.968796387443553694e-04
2.382849732027062862e-04
4.296942139720932950e-04
1.953155518054969621e-04
2.148471069860466475e-04
1.132830200471882402e-04
3.125048828887951285e-04
2.734417725276957510e-05
3.437553711776746468e-04
3.515679932498945535e-04
2.539102173471460724e-04
2.539102173471460724e-04
1.914092407693870088e-04
3.007859497804652956e-04
5.078204346942921042e-05
3.359427491054547943e-04
3.046922608165752761e-04
1.171893310832981800e-04
3.125048828887951150e-05
2.734417725276957578e-04
3.476616822137845730e-04
1.015640869388584208e-04
4.179752808637635163e-04
2.578165283832559987e-04
3.359427491054547943e-04
1.718776855888373234e-04
1.914092407693870088e-04
2.460975952749261658e-04
4.921951905498523315e-04
3.750058594665541651e-04
2.148471069860466475e-04
1.718776855888373234e-04
1.015640869388584208e-04
3.828184815387740175e-04
2.382849732027062862e-04
3.007859497804652956e-04
4.492257691526430345e-04
1.914092407693870088e-04
2.968796387443553694e-04
2.070344849138267679e-04
8.593884279441866170e-05
3.007859497804652956e-04
5.078204346942921042e-05
4.140689698276535358e-04
1.718776855888373234e-04
3.515679932498945535e-04
2.343786621665963600e-04
2.070344849138267679e-04
4.804762574415224986e-04
2.890670166721355169e-04
2.734417725276957510e-05
2.812543945999156103e-04
2.109407959499367212e-04
2.382849732027062862e-04
1.953155518054969621e-04
2.070344849138267679e-04
1.210956421194081198e-04
4.296942139720933085e-05
3.906311036109939107e-05
1.171893310832981800e-04
3.359427491054547943e-04
1.210956421194081198e-04
2.265660400943764804e-04
3.359427491054547943e-04
2.500039063110360920e-04
3.789121705026640913e-04
1.445335083360677585e-04
2.187534180221566008e-04
1.953155518054969553e-05
3.164111939249050548e-04
1.757839966249472767e-04
2.539102173471460724e-04
9.765777590274848105e-05
2.578165283832559987e-04
4.687573243331927063e-05
2.421912842388162395e-04
2.343786621665963532e-05
3.281301270332348877e-04
2.695354614915858316e-04
1.406271972999578051e-04
1.992218628416068883e-04
2.773480835638056840e-04
3.515679932498945535e-04
8.984515383052860149e-05
2.304723511304864066e-04
1.718776855888373234e-04
3.203175049610150352e-04
1.210956421194081198e-04
2.148471069860466475e-04
1.562524414443975575e-05
3.515679932498945535e-04
3.984437256832137767e-04
3.242238159971249614e-04
3.164111939249050548e-04
1.445335083360677585e-04
3.125048828887951150e-05
1.054703979749683606e-04
3.984437256832137767e-04
1.992218628416068883e-04
3.085985718526852023e-04
1.523461304082876380e-04
3.476616822137845730e-04
1.289082641916279993e-04
2.343786621665963600e-04
3.476616822137845730e-04
2.187534180221566008e-04
2.578165283832559987e-04
8.984515383052860149e-05
2.578165283832559987e-04
2.773480835638056840e-04
3.125048828887951285e-04
8.203253175830872192e-05
9.375146486663854127e-05
1.132830200471882402e-04
2.226597290582665270e-04
1.718776855888373234e-04
1.953155518054969553e-05
2.578165283832559987e-04
2.109407959499367212e-04
2.226597290582665270e-04
7.421990968608884235e-05
2.734417725276957578e-04
4.296942139720932950e-04
1.054703979749683606e-04
3.750058594665541651e-04
1.718776855888373234e-04
2.578165283832559987e-04
1.875029297332770825e-04
6.640728761386896278e-05
3.164111939249050548e-04
2.070344849138267679e-04
2.031281738777168417e-04
2.851607056360255365e-04
2.539102173471460724e-04
3.046922608165752761e-04
2.929733277082454432e-04
3.320364380693448139e-04
3.789121705026640913e-04
2.695354614915858316e-04
2.734417725276957578e-04
9.375146486663854127e-05
3.554743042860044797e-04
9.765777590274848105e-05
3.906311036109938937e-06
2.968796387443553694e-04
1.875029297332770825e-04
2.304723511304864066e-04
3.515679932498945535e-04
1.054703979749683606e-04
3.320364380693448139e-04
3.085985718526852023e-04
2.382849732027062862e-04
1.679713745527273972e-04
2.070344849138267679e-04
3.046922608165752761e-04
3.281301270332348877e-04
1.523461304082876380e-04
4.296942139720932950e-04
3.437553711776746468e-04
1.289082641916279993e-04
3.593806153221144059e-04
1.562524414443975643e-04
2.578165283832559987e-04
8.203253175830872192e-05
3.554743042860044797e-04
1.601587524805075176e-04
3.164111939249050548e-04
2.031281738777168417e-04
5.468835450553915020e-05
2.890670166721355169e-04
9.765777590274848105e-05
3.359427491054547943e-04
3.281301270332348877e-04
2.890670166721355169e-04
1.601587524805075176e-04
2.421912842388162395e-04
1.953155518054969553e-05
1.835966186971671563e-04
7.031359864997890256e-05
2.734417725276957578e-04
1.445335083360677585e-04
2.460975952749261658e-04
2.773480835638056840e-04
1.992218628416068883e-04
1.835966186971671563e-04
3.125048828887951285e-04
2.226597290582665270e-04
1.875029297332770825e-04
1.835966186971671563e-04
1.679713745527273972e-04
3.242238159971249614e-04
3.125048828887951285e-04
2.734417725276957510e-05
3.046922608165752761e-04
1.914092407693870088e-04
1.679713745527273972e-04
4.023500367193237571e-04
1.601587524805075176e-04
3.125048828887951150e-05
2.539102173471460724e-04
1.289082641916279993e-04
2.070344849138267679e-04
2.734417725276957578e-04
3.906311036109939107e-05
2.929733277082454432e-04
1.289082641916279993e-04
2.187534180221566008e-04
2.187534180221566008e-04
3.085985718526852023e-04
8.984515383052860149e-05
1.718776855888373234e-04
3.476616822137845730e-04
2.812543945999156103e-04
1.875029297332770825e-04
3.164111939249050548e-04
4.296942139720933085e-05
3.906311036109938937e-06
1.601587524805075176e-04
3.007859497804652956e-04
1.601587524805075176e-04
1.015640869388584208e-04
3.906311036109938937e-06
1.171893310832981766e-05
2.148471069860466475e-04
1.054703979749683606e-04
1.953155518054969553e-05
2.734417725276957578e-04
1.679713745527273972e-04
2.343786621665963600e-04
1.953155518054969621e-04
3.242238159971249614e-04
2.070344849138267679e-04
1.601587524805075176e-04
2.421912842388162395e-04
2.109407959499367212e-04
2.460975952749261658e-04
2.070344849138267679e-04
1.289082641916279993e-04
3.906311036109938937e-06
4.687573243331927063e-05
1.367208862638478789e-04
2.656291504554758511e-04
8.593884279441866170e-05
3.515679932498945535e-04
1.796903076610572030e-04
2.187534180221566008e-04
2.734417725276957578e-04
6.640728761386896278e-05
1.914092407693870088e-04
3.515679932498945128e-05
3.125048828887951150e-05
2.578165283832559987e-04
3.867247925748839980e-04
1.875029297332770825e-04
2.031281738777168417e-04
2.734417725276957578e-04
2.148471069860466475e-04
2.500039063110360920e-04
2.500039063110360920e-04
1.953155518054969621e-04
1.523461304082876380e-04
1.835966186971671563e-04
1.484398193721776847e-04
2.031281738777168417e-04
2.734417725276957578e-04
2.031281738777168417e-04
3.085985718526852023e-04
2.968796387443553694e-04
1.953155518054969621e-04
3.125048828887951285e-04
1.289082641916279993e-04
2.773480835638056840e-04
1.562524414443975643e-04
2.070344849138267679e-04
3.085985718526852023e-04
3.203175049610150352e-04
3.437553711776746468e-04
1.171893310832981800e-04
2.148471069860466475e-04
1.679713745527273972e-04
2.265660400943764804e-04
2.929733277082454432e-04
2.617228394193659249e-04
1.562524414443975643e-04
1.289082641916279993e-04
2.070344849138267679e-04
1.367208862638478789e-04
1.875029297332770825e-04
2.734417725276957510e-05
2.851607056360255365e-04
1.992218628416068883e-04
5.078204346942921042e-05
1.992218628416068883e-04
2.343786621665963600e-04
8.593884279441866170e-05
1.601587524805075176e-04
2.187534180221566008e-04
2.187534180221566008e-04
2.539102173471460724e-04
2.226597290582665270e-04
9.375146486663854127e-05
1.953155518054969621e-04
3.359427491054547943e-04
1.679713745527273972e-04
8.203253175830872192e-05
2.226597290582665270e-04
2.343786621665963600e-04
3.906311036109938937e-06
2.265660400943764804e-04
1.601587524805075176e-04
2.421912842388162395e-04
2.695354614915858316e-04
3.906311036109939107e-05
3.125048828887951150e-05
2.773480835638056840e-04
3.515679932498945128e-05
5.468835450553915020e-05
2.578165283832559987e-04
8.984515383052860149e-05
1.640650635166174438e-04
2.382849732027062862e-04
3.476616822137845730e-04
1.445335083360677585e-04
2.656291504554758511e-04
1.132830200471882402e-04
3.906311036109938937e-06
1.445335083360677585e-04
1.484398193721776847e-04
2.421912842388162395e-04
2.656291504554758511e-04
2.734417725276957578e-04
1.757839966249472767e-04
4.687573243331927063e-05
1.015640869388584208e-04
3.906311036109939107e-05
2.070344849138267679e-04
1.289082641916279993e-04
2.968796387443553694e-04
2.539102173471460724e-04
2.812543945999156103e-04
9.765777590274848105e-05
3.046922608165752761e-04
2.304723511304864066e-04
1.250019531555180460e-04
2.656291504554758511e-04
2.109407959499367212e-04
2.695354614915858316e-04
5.078204346942921042e-05
2.500039063110360920e-04
3.906311036109938937e-06
2.265660400943764804e-04
3.281301270332348877e-04
5.468835450553915020e-05
2.382849732027062862e-04
8.984515383052860149e-05
1.484398193721776847e-04
2.265660400943764804e-04
2.109407959499367212e-04
1.328145752277379256e-04
2.226597290582665270e-04
8.593884279441866170e-05
2.890670166721355169e-04
1.640650635166174438e-04
1.953155518054969621e-04
2.656291504554758511e-04
3.046922608165752761e-04
1.210956421194081198e-04
2.460975952749261658e-04
2.734417725276957578e-04
1.875029297332770825e-04
2.070344849138267679e-04
1.796903076610572030e-04
2.500039063110360920e-04
3.242238159971249614e-04
3.281301270332348877e-04
1.640650635166174438e-04
1.523461304082876380e-04
1.406271972999578051e-04
8.593884279441866170e-05
1.640650635166174438e-04
5.859466554164908999e-05
2.578165283832559987e-04
4.296942139720933085e-05
1.250019531555180460e-04
7.031359864997890256e-05
2.343786621665963600e-04
1.484398193721776847e-04
2.265660400943764804e-04
2.734417725276957578e-04
2.500039063110360920e-04
1.328145752277379256e-04
2.929733277082454432e-04
1.835966186971671563e-04
2.968796387443553694e-04
2.070344849138267679e-04
2.304723511304864066e-04
8.984515383052860149e-05
6.640728761386896278e-05
2.929733277082454432e-04
1.875029297332770825e-04
2.070344849138267679e-04
8.984515383052860149e-05
8.984515383052860149e-05
1.093767090110783004e-04
2.539102173471460724e-04
1.679713745527273972e-04
2.539102173471460724e-04
1.835966186971671563e-04
2.890670166721355169e-04
1.289082641916279993e-04
2.421912842388162395e-04
1.914092407693870088e-04
1.953155518054969553e-05
1.328145752277379256e-04
1.015640869388584208e-04
1.914092407693870088e-04
1.562524414443975643e-04
2.187534180221566008e-04
3.125048828887951150e-05
1.562524414443975643e-04
1.171893310832981766e-05
2.382849732027062862e-04
9.375146486663854127e-05
8.984515383052860149e-05
1.679713745527273972e-04
1.171893310832981800e-04
2.929733277082454432e-04
3.906311036109939107e-05
2.734417725276957578e-04
1.093767090110783004e-04
4.687573243331927063e-05
1.796903076610572030e-04
4.687573243331927063e-05
1.718776855888373234e-04
2.070344849138267679e-04
1.171893310832981800e-04
1.914092407693870088e-04
2.031281738777168417e-04
1.953155518054969553e-05
3.125048828887951150e-05
1.210956421194081198e-04
5.468835450553915020e-05
2.343786621665963600e-04
1.250019531555180460e-04
1.992218628416068883e-04
9.765777590274848105e-05
8.203253175830872192e-05
2.968796387443553694e-04
1.367208862638478789e-04
2.070344849138267679e-04
1.406271972999578051e-04
2.617228394193659249e-04
2.890670166721355169e-04
1.562524414443975643e-04
2.460975952749261658e-04
1.796903076610572030e-04
5.078204346942921042e-05
1.484398193721776847e-04
1.367208862638478789e-04
1.875029297332770825e-04
1.093767090110783004e-04
2.890670166721355169e-04
2.343786621665963600e-04
1.718776855888373234e-04
1.484398193721776847e-04
2.148471069860466475e-04
2.304723511304864066e-04
2.578165283832559987e-04
2.695354614915858316e-04
3.906311036109938937e-06
3.203175049610150352e-04
1.992218628416068883e-04
2.382849732027062862e-04
1.523461304082876380e-04
2.304723511304864066e-04
2.343786621665963532e-05
2.304723511304864066e-04
2.539102173471460724e-04
1.601587524805075176e-04
1.953155518054969621e-04
2.343786621665963532e-05
2.968796387443553694e-04
2.343786621665963532e-05
3.906311036109938937e-06
7.031359864997890256e-05
1.367208862638478789e-04
1.367208862638478789e-04
1.523461304082876380e-04
4.687573243331927063e-05
9.375146486663854127e-05
2.226597290582665270e-04
1.171893310832981800e-04
2.070344849138267679e-04
1.757839966249472767e-04
6.640728761386896278e-05
1.914092407693870088e-04
1.445335083360677585e-04
3.085985718526852023e-04
1.054703979749683606e-04
1.210956421194081198e-04
1.757839966249472767e-04
2.382849732027062862e-04
2.031281738777168417e-04
2.539102173471460724e-04
1.757839966249472767e-04
3.515679932498945128e-05
2.226597290582665270e-04
2.734417725276957578e-04
2.031281738777168417e-04
1.835966186971671563e-04
1.406271972999578051e-04
3.906311036109938937e-06
1.835966186971671563e-04
1.328145752277379256e-04
2.929733277082454432e-04
1.679713745527273972e-04
3.906311036109938937e-06
8.984515383052860149e-05
8.203253175830872192e-05
1.250019531555180460e-04
2.148471069860466475e-04
1.093767090110783004e-04
5.859466554164908999e-05
1.171893310832981800e-04
2.343786621665963600e-04
1.757839966249472767e-04
1.953155518054969621e-04
6.640728761386896278e-05
2.226597290582665270e-04
2.734417725276957578e-04
6.250097657775902300e-05
2.070344849138267679e-04
2.031281738777168417e-04
8.203253175830872192e-05
2.539102173471460724e-04
3.007859497804652956e-04
3.906311036109938937e-06
1.953155518054969621e-04
6.250097657775902300e-05
2.187534180221566008e-04
1.445335083360677585e-04
1.484398193721776847e-04
1.210956421194081198e-04
1.757839966249472767e-04
9.765777590274848105e-05
2.343786621665963532e-05
1.796903076610572030e-04
1.757839966249472767e-04
7.812622072219878213e-05
8.984515383052860149e-05
1.718776855888373234e-04
2.109407959499367212e-04
1.171893310832981766e-05
7.812622072219878213e-05
1.171893310832981766e-05
5.859466554164908999e-05
1.523461304082876380e-04
1.406271972999578051e-04
1.562524414443975643e-04
1.718776855888373234e-04
2.578165283832559987e-04
2.617228394193659249e-04
1.796903076610572030e-04
2.343786621665963600e-04
1.523461304082876380e-04
1.796903076610572030e-04
2.265660400943764804e-04
2.382849732027062862e-04
1.171893310832981800e-04
1.328145752277379256e-04
1.992218628416068883e-04
1.015640869388584208e-04
1.953155518054969553e-05
2.460975952749261658e-04
5.078204346942921042e-05
2.226597290582665270e-04
1.718776855888373234e-04
1.445335083360677585e-04
6.250097657775902300e-05
2.734417725276957510e-05
2.109407959499367212e-04
2.578165283832559987e-04
2.070344849138267679e-04
8.593884279441866170e-05
2.539102173471460724e-04
1.328145752277379256e-04
2.265660400943764804e-04
1.640650635166174438e-04
2.500039063110360920e-04
1.562524414443975575e-05
1.015640869388584208e-04
1.601587524805075176e-04
1.640650635166174438e-04
2.421912842388162395e-04
1.953155518054969621e-04
7.421990968608884235e-05
1.171893310832981766e-05
2.343786621665963532e-05
2.343786621665963532e-05
1.835966186971671563e-04
2.304723511304864066e-04
2.148471069860466475e-04
6.250097657775902300e-05
3.515679932498945128e-05
1.562524414443975643e-04
1.875029297332770825e-04
1.835966186971671563e-04
8.593884279441866170e-05
1.328145752277379256e-04
1.796903076610572030e-04
2.382849732027062862e-04
3.906311036109938937e-06
1.875029297332770825e-04
1.757839966249472767e-04
1.523461304082876380e-04
2.148471069860466475e-04
1.796903076610572030e-04
1.718776855888373234e-04
1.757839966249472767e-04
1.484398193721776847e-04
2.617228394193659249e-04
1.171893310832981766e-05
2.187534180221566008e-04
3.125048828887951285e-04
1.406271972999578051e-04
1.601587524805075176e-04
1.445335083360677585e-04
1.835966186971671563e-04
2.148471069860466475e-04
1.875029297332770825e-04
1.640650635166174438e-04
1.250019531555180460e-04
8.984515383052860149e-05
3.125048828887951150e-05
1.953155518054969621e-04
1.757839966249472767e-04
1.367208862638478789e-04
1.367208862638478789e-04
8.984515383052860149e-05
1.835966186971671563e-04
7.812622072219877874e-06
1.523461304082876380e-04
1.093767090110783004e-04
1.171893310832981800e-04
1.562524414443975643e-04
2.421912842388162395e-04
1.875029297332770825e-04
1.992218628416068883e-04
1.875029297332770825e-04
1.171893310832981766e-05
5.078204346942921042e-05
1.523461304082876380e-04
2.031281738777168417e-04
1.796903076610572030e-04
1.250019531555180460e-04
2.343786621665963600e-04
7.031359864997890256e-05
6.250097657775902300e-05
1.953155518054969621e-04
1.875029297332770825e-04
2.421912842388162395e-04
1.601587524805075176e-04
2.734417725276957510e-05
1.328145752277379256e-04
1.875029297332770825e-04
1.484398193721776847e-04
2.343786621665963600e-04
1.718776855888373234e-04
2.304723511304864066e-04
1.328145752277379256e-04
1.171893310832981800e-04
7.421990968608884235e-05
8.203253175830872192e-05
1.562524414443975575e-05
1.210956421194081198e-04
1.562524414443975643e-04
7.812622072219878213e-05
8.984515383052860149e-05
1.835966186971671563e-04
2.343786621665963532e-05
2.343786621665963600e-04
2.109407959499367212e-04
1.562524414443975575e-05
1.718776855888373234e-04
1.015640869388584208e-04
3.125048828887951150e-05
1.289082641916279993e-04
2.343786621665963600e-04
1.796903076610572030e-04
1.523461304082876380e-04
1.132830200471882402e-04
7.031359864997890256e-05
2.382849732027062862e-04
1.484398193721776847e-04
2.187534180221566008e-04
1.992218628416068883e-04
1.640650635166174438e-04
2.148471069860466475e-04
1.250019531555180460e-04
1.289082641916279993e-04
1.484398193721776847e-04
3.125048828887951150e-05
4.687573243331927063e-05
3.125048828887951150e-05
2.226597290582665270e-04
1.367208862638478789e-04
2.539102173471460724e-04
2.734417725276957510e-05
1.406271972999578051e-04
1.562524414443975643e-04
1.171893310832981800e-04
2.578165283832559987e-04
9.375146486663854127e-05
1.835966186971671563e-04
1.679713745527273972e-04
2.031281738777168417e-04
1.367208862638478789e-04
3.906311036109938937e-06
1.601587524805075176e-04
1.367208862638478789e-04
1.757839966249472767e-04
1.718776855888373234e-04
2.031281738777168417e-04
1.718776855888373234e-04
1.953155518054969621e-04
1.523461304082876380e-04
7.031359864997890256e-05
5.468835450553915020e-05
2.226597290582665270e-04
1.171893310832981766e-05
3.906311036109938937e-06
2.109407959499367212e-04
7.421990968608884235e-05
1.210956421194081198e-04
1.132830200471882402e-04
1.757839966249472767e-04
1.875029297332770825e-04
1.171893310832981766e-05
3.906311036109939107e-05
7.812622072219877874e-06
2.265660400943764804e-04
3.125048828887951150e-05
3.906311036109938937e-06
1.523461304082876380e-04
1.523461304082876380e-04
1.640650635166174438e-04
1.562524414443975643e-04
1.718776855888373234e-04
1.562524414443975575e-05
1.484398193721776847e-04
4.687573243331927063e-05
1.796903076610572030e-04
1.953155518054969553e-05
1.328145752277379256e-04
1.562524414443975575e-05
2.304723511304864066e-04
1.992218628416068883e-04
8.984515383052860149e-05
8.593884279441866170e-05
1.015640869388584208e-04
1.445335083360677585e-04
1.679713745527273972e-04
1.562524414443975575e-05
1.562524414443975643e-04
2.031281738777168417e-04
2.109407959499367212e-04
1.289082641916279993e-04
1.601587524805075176e-04
1.953155518054969621e-04
5.859466554164908999e-05
1.992218628416068883e-04
1.523461304082876380e-04
1.484398193721776847e-04
2.187534180221566008e-04
3.906311036109938937e-06
8.984515383052860149e-05
1.406271972999578051e-04
1.210956421194081198e-04
3.515679932498945128e-05
1.484398193721776847e-04
6.640728761386896278e-05
8.984515383052860149e-05
3.906311036109938937e-06
1.132830200471882402e-04
1.328145752277379256e-04
1.679713745527273972e-04
1.289082641916279993e-04
1.367208862638478789e-04
1.679713745527273972e-04
3.906311036109938937e-06
3.906311036109938937e-06
6.250097657775902300e-05
5.468835450553915020e-05
6.250097657775902300e-05
5.468835450553915020e-05
1.015640869388584208e-04
2.109407959499367212e-04
1.054703979749683606e-04
1.757839966249472767e-04
1.757839966249472767e-04
2.343786621665963532e-05
2.148471069860466475e-04
1.718776855888373234e-04
1.796903076610572030e-04
1.250019531555180460e-04
1.132830200471882402e-04
1.679713745527273972e-04
1.718776855888373234e-04
1.328145752277379256e-04
1.640650635166174438e-04
1.093767090110783004e-04
3.906311036109938937e-06
6.640728761386896278e-05
1.796903076610572030e-04
2.070344849138267679e-04
1.484398193721776847e-04
1.562524414443975575e-05
1.132830200471882402e-04
1.640650635166174438e-04
1.484398193721776847e-04
5.468835450553915020e-05
1.171893310832981800e-04
6.250097657775902300e-05
1.054703979749683606e-04
1.953155518054969553e-05
5.859466554164908999e-05
1.601587524805075176e-04
1.640650635166174438e-04
1.953155518054969621e-04
1.562524414443975575e-05
1.250019531555180460e-04
8.593884279441866170e-05
1.992218628416068883e-04
6.640728761386896278e-05
1.171893310832981766e-05
1.445335083360677585e-04
1.835966186971671563e-04
1.093767090110783004e-04
1.601587524805075176e-04
9.765777590274848105e-05
1.171893310832981766e-05
2.382849732027062862e-04
4.687573243331927063e-05
3.906311036109938937e-06
1.796903076610572030e-04
1.523461304082876380e-04
1.757839966249472767e-04
1.914092407693870088e-04
2.343786621665963532e-05
1.250019531555180460e-04
2.304723511304864066e-04
1.757839966249472767e-04
1.875029297332770825e-04
1.953155518054969553e-05
1.601587524805075176e-04
4.296942139720933085e-05
1.523461304082876380e-04
3.906311036109938937e-06
5.859466554164908999e-05
1.679713745527273972e-04
1.562524414443975643e-04
1.796903076610572030e-04
5.859466554164908999e-05
7.812622072219878213e-05
1.132830200471882402e-04
5.078204346942921042e-05
1.289082641916279993e-04
1.640650635166174438e-04
1.679713745527273972e-04
1.718776855888373234e-04
8.203253175830872192e-05
2.460975952749261658e-04
1.718776855888373234e-04
1.054703979749683606e-04
1.757839966249472767e-04
3.125048828887951150e-05
1.679713745527273972e-04
1.718776855888373234e-04
8.984515383052860149e-05
1.093767090110783004e-04
7.421990968608884235e-05
1.562524414443975643e-04
1.132830200471882402e-04
1.015640869388584208e-04
1.718776855888373234e-04
6.640728761386896278e-05
1.132830200471882402e-04
8.593884279441866170e-05
4.687573243331927063e-05
2.031281738777168417e-04
3.906311036109939107e-05
3.906311036109938937e-06
1.757839966249472767e-04
2.343786621665963600e-04
1.171893310832981800e-04
1.132830200471882402e-04
1.601587524805075176e-04
2.343786621665963532e-05
1.679713745527273972e-04
7.031359864997890256e-05
2.031281738777168417e-04
3.125048828887951150e-05
1.523461304082876380e-04
1.015640869388584208e-04
1.406271972999578051e-04
1.406271972999578051e-04
9.765777590274848105e-05
1.562524414443975575e-05
2.070344849138267679e-04
3.906311036109938937e-06
2.187534180221566008e-04
2.070344849138267679e-04
1.171893310832981800e-04
1.132830200471882402e-04
1.601587524805075176e-04
1.132830200471882402e-04
8.593884279441866170e-05
1.328145752277379256e-04
1.132830200471882402e-04
1.132830200471882402e-04
1.132830200471882402e-04
1.875029297332770825e-04
1.796903076610572030e-04
1.484398193721776847e-04
7.031359864997890256e-05
1.445335083360677585e-04
1.328145752277379256e-04
1.171893310832981766e-05
1.640650635166174438e-04
2.148471069860466475e-04
1.601587524805075176e-04
1.679713745527273972e-04
6.250097657775902300e-05
2.109407959499367212e-04
1.992218628416068883e-04
1.718776855888373234e-04
1.445335083360677585e-04
1.484398193721776847e-04
5.468835450553915020e-05
1.484398193721776847e-04
8.203253175830872192e-05
2.109407959499367212e-04
1.367208862638478789e-04
6.250097657775902300e-05
1.367208862638478789e-04
7.812622072219878213e-05
7.421990968608884235e-05
1.406271972999578051e-04
1.562524414443975643e-04
1.093767090110783004e-04
7.812622072219877874e-06
3.906311036109938937e-06
1.171893310832981800e-04
1.132830200471882402e-04
1.640650635166174438e-04
8.203253175830872192e-05
2.031281738777168417e-04
1.171893310832981800e-04
1.640650635166174438e-04
1.992218628416068883e-04
3.515679932498945128e-05
5.078204346942921042e-05
8.984515383052860149e-05
1.289082641916279993e-04
3.125048828887951150e-05
1.953155518054969553e-05
1.132830200471882402e-04
8.593884279441866170e-05
8.203253175830872192e-05
3.906311036109939107e-05
1.679713745527273972e-04
3.906311036109938937e-06
5.078204346942921042e-05
1.757839966249472767e-04
7.421990968608884235e-05
3.515679932498945128e-05
1.289082641916279993e-04
1.562524414443975643e-04
8.984515383052860149e-05
1.171893310832981766e-05
1.015640869388584208e-04
3.125048828887951150e-05
6.640728761386896278e-05
1.953155518054969621e-04
1.484398193721776847e-04
1.796903076610572030e-04
1.523461304082876380e-04
1.484398193721776847e-04
1.328145752277379256e-04
3.906311036109938937e-06
7.812622072219877874e-06
1.250019531555180460e-04
1.679713745527273972e-04
2.226597290582665270e-04
7.812622072219878213e-05
1.015640869388584208e-04
2.148471069860466475e-04
1.445335083360677585e-04
3.515679932498945128e-05
8.984515383052860149e-05
1.210956421194081198e-04
3.906311036109939107e-05
1.953155518054969553e-05
1.367208862638478789e-04
8.203253175830872192e-05
1.835966186971671563e-04
2.343786621665963532e-05
5.078204346942921042e-05
9.765777590274848105e-05
8.593884279441866170e-05
9.375146486663854127e-05
1.328145752277379256e-04
1.953155518054969621e-04
1.328145752277379256e-04
1.562524414443975643e-04
3.906311036109938937e-06
2.343786621665963532e-05
1.328145752277379256e-04
7.812622072219878213e-05
2.734417725276957510e-05
1.250019531555180460e-04
1.484398193721776847e-04
9.375146486663854127e-05
1.718776855888373234e-04
1.328145752277379256e-04
8.203253175830872192e-05
1.640650635166174438e-04
1.796903076610572030e-04
2.031281738777168417e-04
5.468835450553915020e-05
7.031359864997890256e-05
8.593884279441866170e-05
1.718776855888373234e-04
1.289082641916279993e-04
3.906311036109938937e-06
1.875029297332770825e-04
1.406271972999578051e-04
3.906311036109939107e-05
1.171893310832981766e-05
1.601587524805075176e-04
1.289082641916279993e-04
7.421990968608884235e-05
8.984515383052860149e-05
1.171893310832981800e-04
1.210956421194081198e-04
9.765777590274848105e-05
3.515679932498945128e-05
9.765777590274848105e-05
7.031359864997890256e-05
1.718776855888373234e-04
1.054703979749683606e-04
8.593884279441866170e-05
1.796903076610572030e-04
9.375146486663854127e-05
7.031359864997890256e-05
7.421990968608884235e-05
1.171893310832981800e-04
4.296942139720933085e-05
5.859466554164908999e-05
5.078204346942921042e-05
8.593884279441866170e-05
1.914092407693870088e-04
1.054703979749683606e-04
2.343786621665963532e-05
1.679713745527273972e-04
1.445335083360677585e-04
1.757839966249472767e-04
1.914092407693870088e-04
1.484398193721776847e-04
1.640650635166174438e-04
1.289082641916279993e-04
8.984515383052860149e-05
1.445335083360677585e-04
1.484398193721776847e-04
1.367208862638478789e-04
1.054703979749683606e-04
2.734417725276957510e-05
8.984515383052860149e-05
1.796903076610572030e-04
1.445335083360677585e-04
7.812622072219878213e-05
1.367208862638478789e-04
1.718776855888373234e-04
1.367208862638478789e-04
2.734417725276957510e-05
1.367208862638478789e-04
9.375146486663854127e-05
1.445335083360677585e-04
1.601587524805075176e-04
1.484398193721776847e-04
1.250019531555180460e-04
1.562524414443975575e-05
7.421990968608884235e-05
2.343786621665963532e-05
1.484398193721776847e-04
1.250019531555180460e-04
3.906311036109938937e-06
1.289082641916279993e-04
1.132830200471882402e-04
1.328145752277379256e-04
1.406271972999578051e-04
1.679713745527273972e-04
3.906311036109938937e-06
1.406271972999578051e-04
6.640728761386896278e-05
9.765777590274848105e-05
1.289082641916279993e-04
7.421990968608884235e-05
3.125048828887951150e-05
6.250097657775902300e-05
6.640728761386896278e-05
1.289082641916279993e-04
7.812622072219877874e-06
1.718776855888373234e-04
7.812622072219877874e-06
1.484398193721776847e-04
9.765777590274848105e-05
2.343786621665963532e-05
7.031359864997890256e-05
1.562524414443975643e-04
9.765777590274848105e-05
1.679713745527273972e-04
1.484398193721776847e-04
1.171893310832981800e-04
2.343786621665963532e-05
1.054703979749683606e-04
9.765777590274848105e-05
1.132830200471882402e-04
1.406271972999578051e-04
1.562524414443975575e-05
1.601587524805075176e-04
5.859466554164908999e-05
1.640650635166174438e-04
1.953155518054969553e-05
1.250019531555180460e-04
1.445335083360677585e-04
8.593884279441866170e-05
7.421990968608884235e-05
1.523461304082876380e-04
3.515679932498945128e-05
1.171893310832981766e-05
1.093767090110783004e-04
1.523461304082876380e-04
1.914092407693870088e-04
1.757839966249472767e-04
1.445335083360677585e-04
5.859466554164908999e-05
1.562524414443975575e-05
1.054703979749683606e-04
8.984515383052860149e-05
3.906311036109938937e-06
7.812622072219877874e-06
1.640650635166174438e-04
1.757839966249472767e-04
8.203253175830872192e-05
7.812622072219877874e-06
3.906311036109938937e-06
1.015640869388584208e-04
4.296942139720933085e-05
9.765777590274848105e-05
3.906311036109938937e-06
1.484398193721776847e-04
7.421990968608884235e-05
7.812622072219878213e-05
1.562524414443975643e-04
1.289082641916279993e-04
1.953155518054969621e-04
4.687573243331927063e-05
1.054703979749683606e-04
1.328145752277379256e-04
1.875029297332770825e-04
1.406271972999578051e-04
5.468835450553915020e-05
1.757839966249472767e-04
1.953155518054969621e-04
1.992218628416068883e-04
8.203253175830872192e-05
6.250097657775902300e-05
1.132830200471882402e-04
1.171893310832981800e-04
2.343786621665963532e-05
9.375146486663854127e-05
3.515679932498945128e-05
1.523461304082876380e-04
1.601587524805075176e-04
2.343786621665963532e-05
6.640728761386896278e-05
8.593884279441866170e-05
8.984515383052860149e-05
8.593884279441866170e-05
5.859466554164908999e-05
5.859466554164908999e-05
1.171893310832981800e-04
1.328145752277379256e-04
1.679713745527273972e-04
1.015640869388584208e-04
1.132830200471882402e-04
6.250097657775902300e-05
7.031359864997890256e-05
6.250097657775902300e-05
1.015640869388584208e-04
1.796903076610572030e-04
8.984515383052860149e-05
1.679713745527273972e-04
1.093767090110783004e-04
1.250019531555180460e-04
1.445335083360677585e-04
1.367208862638478789e-04
4.296942139720933085e-05
1.289082641916279993e-04
6.250097657775902300e-05
3.125048828887951150e-05
1.054703979749683606e-04
1.562524414443975643e-04
5.859466554164908999e-05
8.593884279441866170e-05
1.523461304082876380e-04
1.289082641916279993e-04
9.765777590274848105e-05
1.093767090110783004e-04
1.054703979749683606e-04
3.125048828887951150e-05
9.765777590274848105e-05
1.406271972999578051e-04
6.250097657775902300e-05
1.406271972999578051e-04
1.250019531555180460e-04
1.210956421194081198e-04
9.375146486663854127e-05
1.484398193721776847e-04
1.992218628416068883e-04
1.562524414443975643e-04
3.906311036109938937e-06
1.523461304082876380e-04
1.093767090110783004e-04
3.906311036109938937e-06
1.171893310832981800e-04
1.406271972999578051e-04
1.289082641916279993e-04
8.593884279441866170e-05
3.906311036109938937e-06
1.523461304082876380e-04
9.765777590274848105e-05
1.289082641916279993e-04
1.601587524805075176e-04
1.523461304082876380e-04
3.515679932498945128e-05
2.343786621665963532e-05
1.171893310832981800e-04
4.687573243331927063e-05
1.015640869388584208e-04
6.640728761386896278e-05
9.765777590274848105e-05
3.906311036109938937e-06
1.171893310832981800e-04
3.125048828887951150e-05
1.250019531555180460e-04
1.953155518054969553e-05
1.523461304082876380e-04
1.171893310832981800e-04
1.328145752277379256e-04
2.343786621665963532e-05
1.757839966249472767e-04
1.210956421194081198e-04
1.250019531555180460e-04
3.906311036109938937e-06
1.250019531555180460e-04
5.859466554164908999e-05
1.132830200471882402e-04
8.203253175830872192e-05
1.015640869388584208e-04
4.687573243331927063e-05
3.906311036109938937e-06
1.210956421194081198e-04
1.093767090110783004e-04
1.054703979749683606e-04
1.796903076610572030e-04
1.289082641916279993e-04
9.765777590274848105e-05
9.375146486663854127e-05
1.132830200471882402e-04
7.421990968608884235e-05
5.078204346942921042e-05
5.468835450553915020e-05
9.765777590274848105e-05
1.015640869388584208e-04
1.054703979749683606e-04
8.984515383052860149e-05
2.734417725276957510e-05
1.523461304082876380e-04
1.328145752277379256e-04
3.906311036109938937e-06
1.054703979749683606e-04
5.859466554164908999e-05
7.421990968608884235e-05
3.125048828887951150e-05
1.406271972999578051e-04
1.132830200471882402e-04
1.289082641916279993e-04
8.984515383052860149e-05
1.250019531555180460e-04
1.250019531555180460e-04
1.210956421194081198e-04
1.953155518054969553e-05
4.687573243331927063e-05
3.906311036109938937e-06
7.812622072219878213e-05
6.250097657775902300e-05
1.132830200471882402e-04
1.445335083360677585e-04
1.210956421194081198e-04
1.406271972999578051e-04
1.015640869388584208e-04
7.421990968608884235e-05
7.812622072219878213e-05
1.093767090110783004e-04
1.289082641916279993e-04
3.906311036109938937e-06
1.054703979749683606e-04
3.125048828887951150e-05
1.484398193721776847e-04
8.593884279441866170e-05
1.054703979749683606e-04
1.445335083360677585e-04
1.171893310832981766e-05
1.250019531555180460e-04
8.203253175830872192e-05
1.328145752277379256e-04
1.289082641916279993e-04
4.296942139720933085e-05
5.078204346942921042e-05
1.875029297332770825e-04
9.765777590274848105e-05
3.906311036109939107e-05
1.640650635166174438e-04
1.484398193721776847e-04
9.375146486663854127e-05
9.375146486663854127e-05
1.367208862638478789e-04
7.812622072219878213e-05
3.906311036109938937e-06
3.906311036109938937e-06
4.687573243331927063e-05
1.250019531555180460e-04
1.093767090110783004e-04
7.812622072219877874e-06
4.687573243331927063e-05
8.984515383052860149e-05
8.984515383052860149e-05
1.250019531555180460e-04
8.984515383052860149e-05
1.250019531555180460e-04
1.132830200471882402e-04
1.210956421194081198e-04
7.812622072219877874e-06
8.203253175830872192e-05
1.328145752277379256e-04
1.406271972999578051e-04
1.367208862638478789e-04
1.054703979749683606e-04
1.054703979749683606e-04
6.250097657775902300e-05
9.765777590274848105e-05
8.984515383052860149e-05
1.328145752277379256e-04
1.054703979749683606e-04
1.445335083360677585e-04
1.875029297332770825e-04
1.132830200471882402e-04
1.210956421194081198e-04
7.812622072219878213e-05
1.562524414443975643e-04
1.132830200471882402e-04
1.250019531555180460e-04
1.562524414443975575e-05
6.640728761386896278e-05
6.250097657775902300e-05
1.210956421194081198e-04
7.812622072219877874e-06
5.468835450553915020e-05
1.054703979749683606e-04
1.328145752277379256e-04
1.523461304082876380e-04
3.515679932498945128e-05
4.296942139720933085e-05
8.593884279441866170e-05
7.031359864997890256e-05
9.375146486663854127e-05
5.468835450553915020e-05
1.054703979749683606e-04
4.687573243331927063e-05
8.593884279441866170e-05
1.171893310832981800e-04
1.523461304082876380e-04
7.031359864997890256e-05
1.210956421194081198e-04
9.765777590274848105e-05
1.132830200471882402e-04
1.875029297332770825e-04
1.289082641916279993e-04
7.812622072219877874e-06
9.375146486663854127e-05
3.125048828887951150e-05
1.054703979749683606e-04
7.031359864997890256e-05
7.812622072219878213e-05
1.210956421194081198e-04
7.031359864997890256e-05
1.054703979749683606e-04
8.593884279441866170e-05
1.953155518054969553e-05
9.765777590274848105e-05
1.445335083360677585e-04
1.054703979749683606e-04
3.906311036109938937e-06
5.078204346942921042e-05
3.125048828887951150e-05
1.054703979749683606e-04
7.812622072219878213e-05
8.593884279441866170e-05
1.406271972999578051e-04
8.203253175830872192e-05
3.125048828887951150e-05
1.054703979749683606e-04
1.953155518054969553e-05
1.562524414443975643e-04
2.734417725276957510e-05
8.203253175830872192e-05
5.859466554164908999e-05
1.445335083360677585e-04
3.906311036109939107e-05
9.375146486663854127e-05
1.210956421194081198e-04
4.687573243331927063e-05
8.593884279441866170e-05
3.906311036109938937e-06
1.132830200471882402e-04
1.171893310832981800e-04
1.054703979749683606e-04
7.812622072219877874e-06
